
============================== Base_model: r2plus1d_multiclass ==============================
arguments: {'base_model_name': 'r2plus1d_multiclass', 'pretrained': True, 'lr': 0.0001, 'start_epoch': 1, 'num_epochs': 25, 'layers_list': ['layer3', 'layer4', 'fc'], 'continue_epoch': False, 'num_classes': 10, 'batch_size': 8, 'n_total': 49901, 'test_n': 4990, 'val_n': 9980, 'annotation_path': '../datasets/annotation_dict.json', 'augmented_annotation_path': '../datasets/augmented_annotation_dict.json', 'model_path': '../model_checkpoints/r2plus1d_augmented/', 'history_path': '../histories/history_r2plus1d_augmented.txt'}

checkpoint name: r2plus1d_multiclass_1_0.0001 
train loss: 0.84964 || train accuracy: 0.70147 || train f1: 0.70147 || train precision: 0.70147 || train recall: 0.70147
[[2681  256   48    8  145   23   44  150   25  117]
 [ 257 2709   61  121  106  146   23  178   33  109]
 [  33   30 3133  108    2   17   91   11   16  704]
 [   3   47  255 1830    3  100   52    5    7  145]
 [ 274  229   13   11  850   35    0   54    9   25]
 [  43  111  109  143   27  860   69   14  133  163]
 [  54   21  132   59    1   44 1346   40  341  654]
 [ 168  203   24    7    8   12   53 1787   82  157]
 [  25   31   18   11   10   42  245   38 2994 1108]
 [  52   40  536   69    7   53  298   47  797 6313]]
val loss: 0.52248 || val accuracy: 0.81273 || val f1: 0.81273 || val precision: 0.81273 || val recall: 0.81273
[[ 836   53    6    0    4    1   13   41    4   15]
 [   4  930   11   34    3   16    8   31    3   10]
 [   1    7  989   24    0    2   16    4    2  139]
 [   0   11   12  669    0   11    5    2    2    6]
 [  18   40    0    1  349    3    1    7    0    1]
 [  11   30   15   58    2  306   25    8   12   15]
 [   4    4   34   12    0    2  454   12  127  115]
 [   2   10    3    0    0    0    5  658    9   15]
 [   4    2    1    3    0    4   31   16 1137  116]
 [   5    9   92   18    0    5   70   37  354 1783]]

checkpoint name: r2plus1d_multiclass_2_0.0001 
train loss: 0.48061 || train accuracy: 0.82952 || train f1: 0.82952 || train precision: 0.82952 || train recall: 0.82952
[[3216   66   15    1   67   15   30   41    9   37]
 [  74 3329   23   66   37   93   11   54   12   44]
 [  12   19 3499   53    1   16   64    6    0  475]
 [   4   35   88 2151    0   64   34    2    7   62]
 [  81   47    4    3 1328   15    0    8    3   11]
 [  29   84   44   94   17 1253   27    8   47   69]
 [  41   12   66   35    0   18 1818   23  252  427]
 [  41   52   12    5    3    3   26 2223   46   90]
 [  10   17    2    5    1   32  202   29 3404  820]
 [  24   25  398   36    6   35  272   38  623 6755]]
val loss: 0.47213 || val accuracy: 0.83257 || val f1: 0.83257 || val precision: 0.83257 || val recall: 0.83257
[[ 916    5    0    0   35    0    3    6    0    8]
 [  14  909    3   21   23   38    4   25    3   10]
 [  11    2  878   30   12    9   23    0    3  216]
 [   0    5   14  636    9   34    5    0    2   13]
 [   1    2    0    0  414    1    0    2    0    0]
 [  10    3    6   41    8  382    5    3   10   14]
 [  20    0    9   22    2    4  517    0   86  104]
 [   1    3    3    2    2    0   14  636   20   21]
 [   3    0    0    2    0    3   51    5 1126  124]
 [  14    5   43   13    1   11   92    4  295 1895]]

checkpoint name: r2plus1d_multiclass_3_0.0001 
train loss: 0.32634 || train accuracy: 0.8834 || train f1: 0.8834 || train precision: 0.8834 || train recall: 0.8834
[[3354   33    7    0   32    6   15   17    6   27]
 [  28 3542    8   33   22   56    5   21   13   15]
 [   4    7 3683   40    0   14   50    5    0  342]
 [   0   23   56 2259    0   55   19    1    3   31]
 [  44   27    0    1 1413    6    0    5    1    3]
 [  14   45   21   65    9 1438   17    3   25   35]
 [  21    9   50   17    2   13 2070   11  186  313]
 [  19   25    9    0    2    3   20 2344   28   51]
 [  10   11    7    5    2   21  153   23 3639  651]
 [  16   12  282   21    2   23  205   28  507 7116]]
val loss: 0.5328 || val accuracy: 0.81653 || val f1: 0.81653 || val precision: 0.81653 || val recall: 0.81653
[[ 950    0    4    0    1    0    4    7    1    6]
 [  52  828   33   18   20   26    4   50    8   11]
 [   5    0 1139    0    1    1   10    0    3   25]
 [   0    1   54  601    1   50    4    1    1    5]
 [  15    0    0    0  404    0    0    1    0    0]
 [  13    1   30   28    6  370    8    4    9   13]
 [  15    0   59    4    0    5  530    8   51   92]
 [   3    0   10    0    0    0    0  675    4   10]
 [   7    1    9    3    0    7   54   24  954  255]
 [  17    0  421   10    0    4   79   21  123 1698]]

checkpoint name: r2plus1d_multiclass_4_0.0001 
train loss: 0.21493 || train accuracy: 0.92302 || train f1: 0.92302 || train precision: 0.92302 || train recall: 0.92302
[[3413   14    7    1   14    9   11   13    4   11]
 [  15 3629   11   14    7   35    4   12    5   11]
 [   4    4 3842   22    0    4   24    2    1  242]
 [   0   13   41 2343    0   27    8    0    1   14]
 [  18   16    0    0 1451    8    0    1    3    3]
 [  10   26   10   48   10 1523   11    0   16   18]
 [  12    3   15   13    0    5 2305   10  122  207]
 [  13    8    4    1    0    1   10 2420   10   34]
 [   5    5    5    4    0   11  110    8 3938  436]
 [  18    7  198   14    1   20  179   25  372 7378]]
val loss: 0.47187 || val accuracy: 0.84218 || val f1: 0.84218 || val precision: 0.84218 || val recall: 0.84218
[[ 931   12    2    0    6    2    3    4    1   12]
 [  15  988    9   13    2    0    1    5    1   16]
 [   3    1  986    5    1    2   11    1    3  171]
 [   0   18   29  641    1    5    7    0    4   13]
 [   4    5    0    0  411    0    0    0    0    0]
 [   3   68   18   45    3  280   13    1   13   38]
 [   5    1   18    3    0    0  513    0   75  149]
 [  26    5    4    0    1    0    8  630    9   19]
 [   6    3    2    0    0    1   32   11 1045  214]
 [  19    5   80    4    1    4   51    7  222 1980]]

checkpoint name: r2plus1d_multiclass_5_0.0001 
train loss: 0.14361 || train accuracy: 0.95076 || train f1: 0.95076 || train precision: 0.95076 || train recall: 0.95076
[[3424   18    2    0   13    5   10   13    4    8]
 [  10 3663    9   13    8   16    0   13    3    8]
 [   6    6 3953   18    1    4   11    4    0  142]
 [   1    6   22 2365    0   33    6    1    1   12]
 [  19    9    0    2 1461    5    0    1    2    1]
 [   5   19    7   29    4 1579    5    3    9   12]
 [  12    3   11    9    0    4 2462    6   82  103]
 [  10   17    5    0    1    1    9 2429   11   18]
 [   3    4    2    1    1    6   76    6 4162  261]
 [  11    3  128    4    0   12   88    9  244 7713]]
val loss: 0.51265 || val accuracy: 0.84248 || val f1: 0.84248 || val precision: 0.84248 || val recall: 0.84248
[[ 912    5    0    0    1    3    6   15    2   29]
 [   6  982    5   17    4   18    1    8    1    8]
 [   0    2  914    6    0    2   13    0    4  243]
 [   0    7   25  649    0   16    4    1    2   14]
 [   7    4    0    0  404    4    0    1    0    0]
 [   3    6   14   37    0  370    6    6   10   30]
 [   2    1   16    5    0    4  445    3   76  212]
 [   8    1    1    0    0    0    0  667    4   21]
 [   1    1    1    0    0    0   34    7  911  359]
 [   3    5   48    2    0    7   29   12  113 2154]]

checkpoint name: r2plus1d_multiclass_6_0.0001 
train loss: 0.10707 || train accuracy: 0.96298 || train f1: 0.96298 || train precision: 0.96298 || train recall: 0.96298
[[3442   13    0    0   16    4    2    8    2   10]
 [  15 3658    7    8   14   12    2    7    6   14]
 [   0    3 4007   11    0    2    7    0    1  114]
 [   1    9   12 2399    0   15    5    0    1    5]
 [  14   18    0    0 1456    7    0    2    0    3]
 [   4   10    2   16    5 1612    5    0    9    9]
 [   4    1   15    5    0    5 2518    2   58   84]
 [   5   10    2    0    2    1    3 2455    9   14]
 [   3    3    1    1    0   10   49   10 4260  185]
 [   3    9  101    4    1    5   70    8  180 7831]]
val loss: 0.48789 || val accuracy: 0.85551 || val f1: 0.85551 || val precision: 0.85551 || val recall: 0.85551
[[ 950    8    0    0    6    3    0    0    1    5]
 [   2  986    3   24    1   17    2    3    1   11]
 [   7    1  924   18    1   12   11    2    3  205]
 [   1    4    7  669    0   25    5    2    0    5]
 [   7    9    0    0  398    6    0    0    0    0]
 [   6    4    6   34    1  410    4    4    4    9]
 [  18    2   12    7    0   13  531    4   55  122]
 [   7    5    2    0    0    0    4  669    3   12]
 [   2    4    0    1    0    8   92    9  935  263]
 [   7    6   60    7    0   13   67   13  134 2066]]

checkpoint name: r2plus1d_multiclass_7_0.0001 
train loss: 0.08671 || train accuracy: 0.9694 || train f1: 0.9694 || train precision: 0.9694 || train recall: 0.9694
[[3444   11    1    0   10    3    6    9    4    9]
 [  12 3670    6    9    5   18    2   13    3    5]
 [   2    0 4022   18    0    6    3    1    3   90]
 [   0    8   25 2377    0   19    5    1    2   10]
 [  12    8    0    1 1468    5    0    3    0    3]
 [   4   19    4   18    5 1608    4    0    7    3]
 [  11    0    7    2    0    4 2568    3   38   59]
 [  12   14    0    1    3    0    6 2445    4   16]
 [   2    0    1    1    1    7   41    3 4322  144]
 [   4    4   68    5    0    9   55    9  120 7938]]
val loss: 0.56755 || val accuracy: 0.84499 || val f1: 0.84499 || val precision: 0.84499 || val recall: 0.84499
[[ 916   20    0    0    0    7    7    9    2   12]
 [   5 1010    3    7    0    5    3    4    3   10]
 [   2    3  978   13    0    7   17    0    7  157]
 [   0   17   12  650    0   15    6    0    6   12]
 [   6   12    0    0  397    4    0    1    0    0]
 [   2   13    8   32    2  370    9    4   20   22]
 [   7    2   17    3    0    2  450    1  164  118]
 [   0   11    2    0    0    0    3  652   15   19]
 [   1    1    1    0    0    2   24    2 1107  176]
 [   4    5   80    4    0    8   55    6  308 1903]]

checkpoint name: r2plus1d_multiclass_8_0.0001 
train loss: 0.07419 || train accuracy: 0.97569 || train f1: 0.97569 || train precision: 0.97569 || train recall: 0.97569
[[3457    5    4    0    7    4    7    4    4    5]
 [  11 3679    2    9    4   19    3    6    3    7]
 [   1    2 4057   11    0    2    3    1    1   67]
 [   1    8    9 2399    0   15    5    1    0    9]
 [   8    7    0    0 1480    1    0    2    1    1]
 [   2   10    3   14    1 1617    3    1   11   10]
 [   3    2    9    5    0    4 2586    1   35   47]
 [   8    8    0    2    0    1    2 2469    2    9]
 [   2    3    3    1    0    7   25    3 4348  130]
 [   5    7   48    5    1    6   42   11   97 7990]]
val loss: 0.516 || val accuracy: 0.85661 || val f1: 0.85661 || val precision: 0.85661 || val recall: 0.85661
[[ 951    0    1    0    2    0    2    8    3    6]
 [   9  985    3    8    0    7    6   22    3    7]
 [   3    1 1024    4    1    3   20    0    5  123]
 [   0   14   22  637    1   27    6    0    4    7]
 [   3    2    0    0  413    1    0    1    0    0]
 [   6   12   14   26    5  385    7    2   12   13]
 [   8    2   23    2    0    3  528    0  108   90]
 [   2    2    3    0    0    0    4  675   10    6]
 [   3    1    2    1    0    3   42    2 1116  144]
 [   4   11  128    3    0    9   78    9  296 1835]]

checkpoint name: r2plus1d_multiclass_9_0.0001 
train loss: 0.06198 || train accuracy: 0.98028 || train f1: 0.98028 || train precision: 0.98028 || train recall: 0.98028
[[3459    6    4    1    6    2    2    7    2    8]
 [   7 3704    1    7    6    3    0    9    2    4]
 [   2    1 4064    6    0    2    8    1    0   61]
 [   0    6    8 2413    0    7    7    0    1    5]
 [   8    6    0    1 1479    4    0    1    0    1]
 [   2    5    2   13    4 1627    4    3    5    7]
 [   0    1    7    7    1    2 2604    5   28   37]
 [   6    7    0    0    3    4    3 2466    5    7]
 [   3    4    2    2    0    1   25    2 4395   88]
 [   4    1   49    3    0    6   32    4   82 8031]]
val loss: 0.5679 || val accuracy: 0.8493 || val f1: 0.8493 || val precision: 0.8493 || val recall: 0.8493
[[ 953    3    0    0    3    0    5    5    1    3]
 [  12  999    3   10    3    5    4    7    0    7]
 [   7    4  932    6    0    2   28    1    4  200]
 [   1   16   25  622    1   19   14    0    4   16]
 [   2    0    0    0  417    0    0    1    0    0]
 [   4   20   17   35    8  353   11    5    6   23]
 [   4    3    8    3    0    0  577    2   76   91]
 [   3    4    1    0    0    0    5  662    7   20]
 [   3    3    2    0    0    8   51   10 1079  158]
 [   9    9   70    1    0    8   89   10  295 1882]]

checkpoint name: r2plus1d_multiclass_10_0.0001 
train loss: 0.05824 || train accuracy: 0.98076 || train f1: 0.98076 || train precision: 0.98076 || train recall: 0.98076
[[3464   10    1    0    5    2    2    6    1    6]
 [   9 3694    4    2   10    9    1    5    3    6]
 [   1    3 4080    6    0    1    4    0    1   49]
 [   0    6    6 2415    0   14    0    2    0    4]
 [  10    5    0    0 1482    2    0    1    0    0]
 [   2   13    2   17    3 1622    1    2    4    6]
 [   1    1    2    3    0    5 2604    3   36   37]
 [   4    7    1    1    0    2    3 2466    7   10]
 [   3    4    1    1    1    6   34    5 4384   83]
 [   1    4   38    2    0    8   22    6   83 8048]]
val loss: 0.64898 || val accuracy: 0.83747 || val f1: 0.83747 || val precision: 0.83747 || val recall: 0.83747
[[ 922   12    1    0    7   10    6    9    0    6]
 [   4  978    0   17    6   37    0    5    1    2]
 [   1    4  985   31    1   26   20    3    3  110]
 [   0   14    4  655    0   40    2    1    2    0]
 [   1    2    0    0  407    8    0    2    0    0]
 [   1    6    5   20    0  440    1    3    3    3]
 [   4    4   14   11    0   37  546    4   87   57]
 [   1    7    1    1    0    2    1  678    8    3]
 [   3    3    2    3    0   21   51   16 1116   99]
 [   4   16  112   20    1   46  108   34  401 1631]]

checkpoint name: r2plus1d_multiclass_11_0.0001 
train loss: 0.05118 || train accuracy: 0.98251 || train f1: 0.98251 || train precision: 0.98251 || train recall: 0.98251
[[3459    6    3    0    8    2    6   10    0    3]
 [   4 3711    1    7    6    4    2    4    1    3]
 [   2    1 4065   10    0    1    3    1    1   61]
 [   1    5    9 2413    0   12    1    0    1    5]
 [  10    9    1    0 1478    2    0    0    0    0]
 [   1    3    3   11    4 1640    3    2    3    2]
 [   4    1    1    8    0    3 2612    0   32   31]
 [   5    8    2    1    1    0    2 2473    4    5]
 [   0    1    2    0    0    2   25    3 4417   72]
 [   5    1   49    5    0    3   26    5   66 8052]]
val loss: 0.60329 || val accuracy: 0.85481 || val f1: 0.85481 || val precision: 0.85481 || val recall: 0.85481
[[ 945    7    1    0    6    1    4    5    0    4]
 [   8 1006    6    9    6    7    1    3    0    4]
 [   3    3 1043    7    2    2   15    0    3  106]
 [   0    9   21  647    2   19    7    0    0   13]
 [   2    0    0    0  417    0    0    1    0    0]
 [   6   20   18   34    7  364   14    2    5   12]
 [   7    3   27    4    1    4  568    1   40  109]
 [  10    9    3    2    0    3    5  646    8   16]
 [   7    2    3    2    0    2   86    8  887  317]
 [  17    7  121    4    0    7   93    9  107 2008]]

checkpoint name: r2plus1d_multiclass_12_0.0001 
train loss: 0.04596 || train accuracy: 0.98494 || train f1: 0.98494 || train precision: 0.98494 || train recall: 0.98494
[[3468    7    0    0    7    0    4    4    2    5]
 [   6 3714    1    4    8    3    0    5    1    1]
 [   1    0 4098    5    0    2    9    0    0   30]
 [   0    1    5 2428    0    3    3    1    0    6]
 [  12    7    0    0 1478    3    0    0    0    0]
 [   1    7    4    7    1 1638    2    2    5    5]
 [   2    0    7    3    0    1 2619    2   24   34]
 [   6    6    0    0    0    0    5 2474    4    6]
 [   1    1    0    1    1    4   19    6 4422   67]
 [   2    0   40    3    0    3   27    5   66 8066]]
val loss: 0.62687 || val accuracy: 0.8481 || val f1: 0.8481 || val precision: 0.8481 || val recall: 0.8481
[[ 956    2    0    0    4    0    5    4    0    2]
 [   9  998    1    8   17   12    3    1    1    0]
 [   9   14  993   10    1   14   26    1    3  113]
 [   0   19   21  628    1   33    6    0    2    8]
 [   5    1    0    0  413    0    0    1    0    0]
 [  16   19    3   29   30  351   10    4   12    8]
 [  12    2   11    2    1    9  543    6   68  110]
 [   4    5    1    0    1    1    2  678    6    4]
 [   6    7    3    1    0    4   37   18  994  244]
 [  23   31   97    8    0   19  103   21  161 1910]]

checkpoint name: r2plus1d_multiclass_13_0.0001 
train loss: 0.0453 || train accuracy: 0.98477 || train f1: 0.98477 || train precision: 0.98477 || train recall: 0.98477
[[3475    7    1    0    4    3    1    3    0    3]
 [   7 3714    0    5    4    5    0    2    2    4]
 [   0    1 4083    2    0    5   10    0    1   43]
 [   0    2    7 2421    0   10    1    0    0    6]
 [   7    6    0    0 1483    1    0    0    2    1]
 [   4    8    6   11    3 1628    4    0    1    7]
 [   1    0    6    2    0    3 2625    2   19   34]
 [   4    5    3    0    2    0    3 2478    5    1]
 [   0    1    1    1    1    2   14    3 4436   63]
 [   1    3   40    2    1    8   33    4   64 8056]]
val loss: 0.61598 || val accuracy: 0.84509 || val f1: 0.84509 || val precision: 0.84509 || val recall: 0.84509
[[ 925    2    0    0   21    2    6    7    0   10]
 [   7  955   17   18    8   18    4   10    6    7]
 [   4    1 1085    5    0    4   10    1    5   69]
 [   0    6   67  623    0   12    4    1    3    2]
 [   1    0    0    0  416    0    0    2    0    1]
 [   4    5   26   30    0  377    8    4   12   16]
 [   4    1   37    2    0    2  554    2   66   96]
 [   3    2    2    0    0    0    5  671   12    7]
 [   4    1    5    1    0    3   67    8 1022  203]
 [   7    5  227    6    0   14   87   10  211 1806]]

checkpoint name: r2plus1d_multiclass_14_0.0001 
train loss: 0.04002 || train accuracy: 0.98735 || train f1: 0.98735 || train precision: 0.98735 || train recall: 0.98735
[[3473    2    4    0    7    2    2    3    2    2]
 [   5 3707    2    6    3    5    2    7    3    3]
 [   0    1 4103   10    0    4    3    1    0   23]
 [   0    4   10 2408    0    6   11    0    2    6]
 [   4    4    0    0 1489    1    0    0    0    2]
 [   4    6    3    9    1 1642    2    2    1    2]
 [   4    1    2    8    0    3 2637    0   16   21]
 [   5    7    0    0    0    0    1 2482    0    6]
 [   4    1    0    1    0    2   13    0 4446   55]
 [   5    3   23    3    0    2   15    0   59 8102]]
val loss: 0.65223 || val accuracy: 0.8496 || val f1: 0.8496 || val precision: 0.8496 || val recall: 0.8496
[[ 940    2    2    0    1    5    5    9    1    8]
 [  17  967    5   21    7   11    1   14    2    5]
 [   5    4  966    8    1    2   12    4    8  174]
 [   0    8   26  640    0   27    6    4    1    6]
 [  19    1    0    0  396    0    0    4    0    0]
 [   6   15   13   24    3  362   10   10   14   25]
 [   7    4   16    4    0    5  492   18   85  133]
 [   4    0    0    0    0    0    1  689    4    4]
 [   2    2    2    1    0    0   29   21 1047  210]
 [   7    7   63    4    0    9   53   39  211 1980]]

checkpoint name: r2plus1d_multiclass_15_0.0001 
train loss: 0.03706 || train accuracy: 0.9876 || train f1: 0.9876 || train precision: 0.9876 || train recall: 0.9876
[[3473    6    2    0    4    2    1    2    1    6]
 [   2 3718    1    4    2    6    1    2    2    5]
 [   1    1 4100    1    0    2    2    1    0   37]
 [   0    1    5 2429    0    7    2    0    0    3]
 [   8    4    1    0 1485    0    0    1    0    1]
 [   1    7    1    9    0 1643    2    0    5    4]
 [   1    1    2    1    0    4 2649    2   15   17]
 [   4    5    3    0    0    0    4 2472    6    7]
 [   0    3    1    0    0    5   13    6 4440   54]
 [   5    5   31    1    2    2   19    7   51 8089]]
val loss: 0.61042 || val accuracy: 0.85862 || val f1: 0.85862 || val precision: 0.85862 || val recall: 0.85862
[[ 948    2    1    0    2    0    3   10    1    6]
 [  16  960    7   22   10   16    2   10    2    5]
 [   2    0 1037   19    0    2   17    0    4  103]
 [   0    2   17  674    0   13    5    0    3    4]
 [   3    1    0    0  414    0    0    1    0    1]
 [   8    3   16   41    4  373   11    2   11   13]
 [   4    1   19    9    0    3  571    3   54  100]
 [   3    5    3    0    0    0    6  660   12   13]
 [   4    1    2    1    0    2   72    5 1029  198]
 [   8    4  127    7    1   11   93    5  214 1903]]

checkpoint name: r2plus1d_multiclass_16_0.0001 
train loss: 0.03486 || train accuracy: 0.98889 || train f1: 0.98889 || train precision: 0.98889 || train recall: 0.98889
[[3469   12    1    0    6    1    3    5    0    0]
 [   7 3708    2    5    4    5    0    6    4    2]
 [   2    0 4094   10    0    2    3    1    0   33]
 [   0    3    9 2417    0    3    5    0    1    9]
 [   8    4    0    0 1482    3    0    2    1    0]
 [   3    2    1    4    2 1655    1    0    2    2]
 [   1    2    5    3    0    0 2660    1    8   12]
 [   5    7    1    0    1    1    1 2478    3    4]
 [   1    1    1    1    0    1   13    0 4463   41]
 [   2    2   33    6    0    2    8    1   41 8117]]
val loss: 0.78187 || val accuracy: 0.84208 || val f1: 0.84208 || val precision: 0.84208 || val recall: 0.84208
[[ 941    3    1    0    2    9    1    7    1    8]
 [  15  940    3   34    3   24    2   21    1    7]
 [  10    2  907   28    0   10   14    4    7  202]
 [   0    1    8  681    0   15    3    2    1    7]
 [   9    5    0    1  402    2    0    1    0    0]
 [   0    8    5   43    2  404    2    6    5    7]
 [  10    1   13   12    0   13  418    7  129  161]
 [   4    1    1    0    0    0    0  679    4   13]
 [   5    2    0    4    0    8   17    9 1104  165]
 [  11    7   47    8    0   25   31   16  300 1928]]

checkpoint name: r2plus1d_multiclass_17_0.0001 
train loss: 0.03388 || train accuracy: 0.98921 || train f1: 0.98921 || train precision: 0.98921 || train recall: 0.98921
[[3472    5    3    0    6    2    4    4    0    1]
 [   4 3720    1    4    5    6    0    1    0    2]
 [   2    1 4102    5    0    1    4    2    1   27]
 [   0    3    6 2429    0    4    1    0    1    3]
 [   6    4    0    0 1486    1    0    2    0    1]
 [   1    6    1    4    1 1649    1    1    4    4]
 [   4    1    5    1    0    3 2641    1   16   20]
 [   4    2    2    1    0    1    1 2484    1    5]
 [   1    1    0    3    0    2   15    2 4459   39]
 [   0    1   23    4    0    5   14    3   50 8112]]
val loss: 0.6566 || val accuracy: 0.85351 || val f1: 0.85351 || val precision: 0.85351 || val recall: 0.85351
[[ 923   12    1    0    7    2    3   14    2    9]
 [   2 1024    2    7    1    4    2    1    1    6]
 [   8    6 1008    6    1    2   18    2    4  129]
 [   0   32   30  611    0   25    5    0    4   11]
 [   1    8    0    0  408    2    0    1    0    0]
 [   4   31   16   22    0  362   12    3   10   22]
 [   3    3   18    4    0    2  524    0  105  105]
 [   2    9    5    0    0    0    7  646   17   16]
 [   5    2    1    0    0    2   37    0 1062  205]
 [   7   12  101    4    0    8   92    2  197 1950]]

checkpoint name: r2plus1d_multiclass_18_0.0001 
train loss: 0.0319 || train accuracy: 0.98998 || train f1: 0.98998 || train precision: 0.98998 || train recall: 0.98998
[[3472    7    1    0    2    3    5    5    1    1]
 [   6 3717    1    3    4    6    0    4    0    2]
 [   0    1 4115    2    1    0    2    1    0   23]
 [   0    5    5 2422    0    8    2    1    0    4]
 [   2    3    1    0 1492    1    0    0    0    1]
 [   1    4    0   11    2 1640    5    0    4    5]
 [   4    0    5    2    0    2 2650    2   12   15]
 [   7    4    1    0    0    0    1 2479    2    7]
 [   1    1    0    1    0    1    7    3 4472   36]
 [   3    0   26    4    1    5   16    3   32 8122]]
val loss: 0.80637 || val accuracy: 0.84038 || val f1: 0.84038 || val precision: 0.84038 || val recall: 0.84038
[[ 907   21    1    0    8    6    8    8    4   10]
 [   3  995    1   21    0   15    2    5    2    6]
 [   0    2  778   43    0    4   22    1    5  329]
 [   0    5    3  672    0   23    5    0    2    8]
 [   2    7    0    0  404    3    0    3    0    1]
 [   3    6    4   33    0  410    2    3    6   15]
 [   3    1    3    7    0    8  491    1  136  114]
 [   1    3    0    1    0    1    4  670   11   11]
 [   3    1    0    0    0    3   19    4 1122  162]
 [   3   11   18    7    0   10   66    7  313 1938]]

checkpoint name: r2plus1d_multiclass_19_0.0001 
train loss: 0.031 || train accuracy: 0.98964 || train f1: 0.98964 || train precision: 0.98964 || train recall: 0.98964
[[3478    0    0    0    4    2    8    3    1    1]
 [   3 3715    0    4    3    8    1    4    1    4]
 [   0    1 4116    5    1    2    1    0    0   19]
 [   0    0    6 2427    1    7    5    0    1    0]
 [   6    3    0    0 1487    1    0    1    1    1]
 [   3    7    2    9    0 1640    1    0    5    5]
 [   5    0    1    2    0    3 2645    5   17   14]
 [   2    3    1    0    1    1    1 2480    5    7]
 [   3    0    1    0    1    6   14    3 4453   41]
 [   3    2   17    2    0    2   19    4   35 8128]]
val loss: 0.73972 || val accuracy: 0.84228 || val f1: 0.84228 || val precision: 0.84228 || val recall: 0.84228
[[ 913   16    0    0   28    0    0    4    1   11]
 [   8  999    9   12    5    8    3    0    1    5]
 [  10    5 1013    9    4    1   11    2    5  124]
 [   0   20   24  644    1   16    5    0    0    8]
 [   1    1    0    0  416    0    0    2    0    0]
 [  17   18   17   32    8  331    6   10   17   26]
 [  12    6   16   13    2    4  416    6  128  161]
 [   6   11    2    0    0    0    1  671    3    8]
 [   4    4    2    1    2    1   23   10 1007  260]
 [   6   17  101    6    2    6   46   24  169 1996]]

checkpoint name: r2plus1d_multiclass_20_0.0001 
train loss: 0.02792 || train accuracy: 0.9909 || train f1: 0.9909 || train precision: 0.9909 || train recall: 0.9909
[[3475    5    2    0    9    1    0    1    1    3]
 [   5 3718    1    2    3    5    2    6    0    1]
 [   1    1 4113    3    0    1    3    1    1   21]
 [   0    5    2 2436    0    2    0    0    0    2]
 [   8    2    0    0 1488    1    0    1    0    0]
 [   1    5    3    0    1 1651    3    0    5    3]
 [   1    0    0    1    0    0 2653    3   15   19]
 [   3    6    2    2    0    0    1 2482    3    2]
 [   0    1    0    1    1    2   13    2 4464   38]
 [   3    1   19    1    0    4   10    3   38 8133]]
val loss: 0.66582 || val accuracy: 0.85441 || val f1: 0.85441 || val precision: 0.85441 || val recall: 0.85441
[[ 948   10    0    0    0    0    3    6    1    5]
 [   9 1006    9    5    1    3    5    3    3    6]
 [   8    5 1030    9    0    1   24    1    5  101]
 [   0   18   28  644    0   11    8    0    2    7]
 [   8   14    0    0  394    2    0    1    1    0]
 [  11   19   15   35    1  351   10    7   15   18]
 [   9    3   15    2    0    1  588    3   64   79]
 [   1    5    1    0    0    0    7  673    6    9]
 [   4    2    3    1    0    0   61    8 1034  201]
 [  19    7  132    4    0    4  110   15  223 1859]]

checkpoint name: r2plus1d_multiclass_21_0.0001 
train loss: 0.02651 || train accuracy: 0.99147 || train f1: 0.99147 || train precision: 0.99147 || train recall: 0.99147
[[3484    2    1    0    1    1    1    6    1    0]
 [   1 3730    0    1    3    3    1    2    0    2]
 [   0    1 4120    1    0    1    2    0    0   20]
 [   0    1    3 2433    0    3    1    1    1    4]
 [   3    3    0    0 1493    1    0    0    0    0]
 [   1    4    1    6    1 1650    2    0    6    1]
 [   2    2    1    0    0    1 2654    3   16   13]
 [   3    2    1    0    1    0    4 2482    3    5]
 [   1    1    1    1    0    3   11    4 4461   39]
 [   0    2   21    3    0    3    8    2   47 8126]]
val loss: 0.66202 || val accuracy: 0.85541 || val f1: 0.85541 || val precision: 0.85541 || val recall: 0.85541
[[ 933    4    1    0    3    4    7   10    1   10]
 [   6 1006    7   12    2    5    3    5    2    2]
 [   2    4 1064    9    2    3   18    1    2   79]
 [   0   13   25  643    1   24    6    2    0    4]
 [   3    3    0    0  412    0    0    2    0    0]
 [   1   10   12   26    4  403    4    5    8    9]
 [   3    1   29    4    1    4  546   11   73   92]
 [   1    1    1    0    0    0    0  689    3    7]
 [   4    3    1    2    0    4   42   15  958  285]
 [   6   10  173    5    0   11  108   24  153 1883]]

checkpoint name: r2plus1d_multiclass_22_0.0001 
train loss: 0.02471 || train accuracy: 0.99158 || train f1: 0.99158 || train precision: 0.99158 || train recall: 0.99158
[[3470    7    4    1    3    2    3    4    1    2]
 [   9 3712    2    2    2    5    1    6    1    3]
 [   3    3 4109    5    0    0    1    1    0   23]
 [   0    4    7 2425    0    7    1    0    0    3]
 [   5    1    0    1 1492    0    0    0    0    1]
 [   2    3    1    5    0 1660    0    0    1    0]
 [   2    2    1    0    0    0 2667    4    4   12]
 [   4    6    1    0    1    0    2 2481    3    3]
 [   0    1    0    2    0    0    7    3 4482   27]
 [   2    3   26    2    0    2   14    5   19 8139]]
val loss: 0.68194 || val accuracy: 0.85341 || val f1: 0.85341 || val precision: 0.85341 || val recall: 0.85341
[[ 957    1    1    0    0    2    2    4    0    6]
 [  34  980    6   13    1    7    1    3    1    4]
 [  10    8 1004   15    0    4   22    1    5  115]
 [   0    7   10  666    0   24    4    0    1    6]
 [  10    6    0    0  403    0    0    1    0    0]
 [  13   18   11   30    0  391    3    1    9    6]
 [  15    4   18    4    0    4  534    0   80  105]
 [  15    6    2    1    0    0    5  645   12   16]
 [   4    3    1    0    1    5   37    4 1066  193]
 [  15   23  100   10    0   10   75    7  262 1871]]

checkpoint name: r2plus1d_multiclass_23_0.0001 
train loss: 0.02371 || train accuracy: 0.9919 || train f1: 0.9919 || train precision: 0.9919 || train recall: 0.9919
[[3483    5    1    0    2    0    1    2    1    2]
 [   7 3730    0    0    0    3    0    2    0    1]
 [   2    1 4114    6    0    2    2    0    0   18]
 [   0    0    7 2428    3    1    2    0    0    6]
 [   3    1    0    1 1494    1    0    0    0    0]
 [   0    4    4    0    0 1654    3    1    3    3]
 [   1    0    3    1    0    1 2654    5   13   14]
 [   1    6    0    1    0    1    1 2488    2    1]
 [   0    0    0    0    0    6    6    1 4469   40]
 [   0    2   14    4    0    1   15    5   37 8134]]
val loss: 0.70165 || val accuracy: 0.84539 || val f1: 0.84539 || val precision: 0.84539 || val recall: 0.84539
[[ 940    2    7    0    0    4    6    3    2    9]
 [  12  988   10   17    0   14    3    1    1    4]
 [   1    2 1057   11    1    4    8    0    4   96]
 [   0   13   22  634    0   31    5    0    1   12]
 [   9   10    0    0  398    0    0    3    0    0]
 [   5   12   23   29    5  377    4    3    9   15]
 [   3    4   40    5    0    9  464    1   94  144]
 [   6    4    4    0    0    0    8  648   13   19]
 [   1    1    4    1    1    2   29    2 1054  219]
 [   1    4  188    4    0    9   53    6  231 1877]]

checkpoint name: r2plus1d_multiclass_24_0.0001 
train loss: 0.0242 || train accuracy: 0.99213 || train f1: 0.99213 || train precision: 0.99213 || train recall: 0.99213
[[3485    1    2    0    3    1    2    2    0    1]
 [   3 3729    2    1    3    3    0    0    0    2]
 [   2    1 4108    3    0    1    3    1    1   25]
 [   0    2    3 2433    0    2    2    0    0    5]
 [   6    1    0    0 1492    0    0    0    1    0]
 [   2    3    1    3    2 1658    2    0    0    1]
 [   3    0    0    3    0    0 2649    2   14   21]
 [   4    0    0    0    0    1    0 2491    1    4]
 [   0    1    0    1    1    0   15    2 4477   25]
 [   3    4   20    3    0    1   17    5   25 8134]]
val loss: 0.70285 || val accuracy: 0.8487 || val f1: 0.8487 || val precision: 0.8487 || val recall: 0.8487
[[ 942    3    2    0    0    4   14    2    0    6]
 [  21  971   11   17    1   11    4    3    2    9]
 [   3    3  978    5    1    1   22    1    3  167]
 [   0    6   50  615    0   24   11    0    3    9]
 [  11    2    0    0  406    0    0    1    0    0]
 [   8    9   22   25    3  367   14    3   11   20]
 [   5    4   19    3    1    3  576    0   54   99]
 [   9    6    2    0    0    0    6  656    5   18]
 [   3    2    1    0    0    4   69    2  994  239]
 [   8    6   69    4    0    7  101    7  206 1965]]

Best Validation Loss:  0.4718682964046846 Epoch:  4
Best Training Loss:  0.023707928685727384 Epoch:  23