
checkpoint name: c3d-pretrained_1_0.0001 
train loss: 2.14446 || train accuracy: 0.31674 || train f1: 0.31674 || train precision: 0.31674 || train recall: 0.31674
[[   0    0    0    0    0    0    0    0    0  702]
 [   0    0    0    0    0    0    0    0    0  743]
 [   0    0    1    0    0    0    0    0    0 4100]
 [   0    0    0    1    0    0    0    0    0 2447]
 [   0    0    0    0    0    0    0    0    0  320]
 [   1    0    0    0    0    0    0    0    0 1691]
 [   0    0    0    0    0    0    0    0    0 2720]
 [   0    0    0    0    0    0    0    0    0  481]
 [   1    0    0    0    0    0    0    0    1 4530]
 [   2    0    0    0    0    0    0    0    0 8220]]
val loss: 2.14737 || val accuracy: 0.31378 || val f1: 0.31378 || val precision: 0.31378 || val recall: 0.31378
[[   0    0    0    0    0    0    0    0    0  211]
 [   0    0    0    0    0    0    0    0    0  202]
 [   0    0    0    0    0    0    0    0    0 1249]
 [   0    0    0    0    0    0    0    0    0  711]
 [   0    0    0    0    0    0    0    0    0   69]
 [   0    0    0    0    0    0    0    0    0  432]
 [   0    0    0    0    0    0    0    0    0  717]
 [   0    0    0    0    0    0    0    0    0  163]
 [   0    0    0    0    0    0    0    0    0 1335]
 [   0    0    0    0    0    0    0    0    0 2327]]

checkpoint name: c3d-pretrained_2_0.0001 
train loss: 2.14444 || train accuracy: 0.31671 || train f1: 0.31671 || train precision: 0.31671 || train recall: 0.31671
[[   0    0    0    0    0    0    0    0    0  702]
 [   0    0    0    0    0    0    0    0    0  743]
 [   0    0    0    0    0    0    0    0    0 4101]
 [   0    0    0    0    0    0    0    0    0 2448]
 [   0    0    0    0    0    0    0    0    0  320]
 [   0    0    0    0    0    0    0    0    0 1692]
 [   0    0    0    0    0    0    0    0    0 2720]
 [   0    0    0    0    0    0    0    0    0  481]
 [   0    0    0    0    0    0    0    0    0 4532]
 [   0    0    0    0    0    0    0    0    0 8222]]
val loss: 2.14737 || val accuracy: 0.31378 || val f1: 0.31378 || val precision: 0.31378 || val recall: 0.31378
[[   0    0    0    0    0    0    0    0    0  211]
 [   0    0    0    0    0    0    0    0    0  202]
 [   0    0    0    0    0    0    0    0    0 1249]
 [   0    0    0    0    0    0    0    0    0  711]
 [   0    0    0    0    0    0    0    0    0   69]
 [   0    0    0    0    0    0    0    0    0  432]
 [   0    0    0    0    0    0    0    0    0  717]
 [   0    0    0    0    0    0    0    0    0  163]
 [   0    0    0    0    0    0    0    0    0 1335]
 [   0    0    0    0    0    0    0    0    0 2327]]

checkpoint name: c3d-pretrained_3_0.0001 
train loss: 2.14444 || train accuracy: 0.31671 || train f1: 0.31671 || train precision: 0.31671 || train recall: 0.31671
[[   0    0    0    0    0    0    0    0    0  702]
 [   0    0    0    0    0    0    0    0    0  743]
 [   0    0    0    0    0    0    0    0    0 4101]
 [   0    0    0    0    0    0    0    0    0 2448]
 [   0    0    0    0    0    0    0    0    0  320]
 [   0    0    0    0    0    0    0    0    0 1692]
 [   0    0    0    0    0    0    0    0    0 2720]
 [   0    0    0    0    0    0    0    0    0  481]
 [   0    0    0    0    0    0    0    0    0 4532]
 [   0    0    0    0    0    0    0    0    0 8222]]
val loss: 2.14737 || val accuracy: 0.31378 || val f1: 0.31378 || val precision: 0.31378 || val recall: 0.31378
[[   0    0    0    0    0    0    0    0    0  211]
 [   0    0    0    0    0    0    0    0    0  202]
 [   0    0    0    0    0    0    0    0    0 1249]
 [   0    0    0    0    0    0    0    0    0  711]
 [   0    0    0    0    0    0    0    0    0   69]
 [   0    0    0    0    0    0    0    0    0  432]
 [   0    0    0    0    0    0    0    0    0  717]
 [   0    0    0    0    0    0    0    0    0  163]
 [   0    0    0    0    0    0    0    0    0 1335]
 [   0    0    0    0    0    0    0    0    0 2327]]

checkpoint name: c3d-pretrained_4_0.0001 
train loss: 2.14444 || train accuracy: 0.31671 || train f1: 0.31671 || train precision: 0.31671 || train recall: 0.31671
[[   0    0    0    0    0    0    0    0    0  702]
 [   0    0    0    0    0    0    0    0    0  743]
 [   0    0    0    0    0    0    0    0    0 4101]
 [   0    0    0    0    0    0    0    0    0 2448]
 [   0    0    0    0    0    0    0    0    0  320]
 [   0    0    0    0    0    0    0    0    0 1692]
 [   0    0    0    0    0    0    0    0    0 2720]
 [   0    0    0    0    0    0    0    0    0  481]
 [   0    0    0    0    0    0    0    0    0 4532]
 [   0    0    0    0    0    0    0    0    0 8222]]
val loss: 2.14737 || val accuracy: 0.31378 || val f1: 0.31378 || val precision: 0.31378 || val recall: 0.31378
[[   0    0    0    0    0    0    0    0    0  211]
 [   0    0    0    0    0    0    0    0    0  202]
 [   0    0    0    0    0    0    0    0    0 1249]
 [   0    0    0    0    0    0    0    0    0  711]
 [   0    0    0    0    0    0    0    0    0   69]
 [   0    0    0    0    0    0    0    0    0  432]
 [   0    0    0    0    0    0    0    0    0  717]
 [   0    0    0    0    0    0    0    0    0  163]
 [   0    0    0    0    0    0    0    0    0 1335]
 [   0    0    0    0    0    0    0    0    0 2327]]

checkpoint name: c3d-pretrained_5_0.0001 
train loss: 2.14444 || train accuracy: 0.31671 || train f1: 0.31671 || train precision: 0.31671 || train recall: 0.31671
[[   0    0    0    0    0    0    0    0    0  702]
 [   0    0    0    0    0    0    0    0    0  743]
 [   0    0    0    0    0    0    0    0    0 4101]
 [   0    0    0    0    0    0    0    0    0 2448]
 [   0    0    0    0    0    0    0    0    0  320]
 [   0    0    0    0    0    0    0    0    0 1692]
 [   0    0    0    0    0    0    0    0    0 2720]
 [   0    0    0    0    0    0    0    0    0  481]
 [   0    0    0    0    0    0    0    0    0 4532]
 [   0    0    0    0    0    0    0    0    0 8222]]
val loss: 2.14737 || val accuracy: 0.31378 || val f1: 0.31378 || val precision: 0.31378 || val recall: 0.31378
[[   0    0    0    0    0    0    0    0    0  211]
 [   0    0    0    0    0    0    0    0    0  202]
 [   0    0    0    0    0    0    0    0    0 1249]
 [   0    0    0    0    0    0    0    0    0  711]
 [   0    0    0    0    0    0    0    0    0   69]
 [   0    0    0    0    0    0    0    0    0  432]
 [   0    0    0    0    0    0    0    0    0  717]
 [   0    0    0    0    0    0    0    0    0  163]
 [   0    0    0    0    0    0    0    0    0 1335]
 [   0    0    0    0    0    0    0    0    0 2327]]

checkpoint name: c3d-pretrained_6_0.0001 
train loss: 2.14444 || train accuracy: 0.31671 || train f1: 0.31671 || train precision: 0.31671 || train recall: 0.31671
[[   0    0    0    0    0    0    0    0    0  702]
 [   0    0    0    0    0    0    0    0    0  743]
 [   0    0    0    0    0    0    0    0    0 4101]
 [   0    0    0    0    0    0    0    0    0 2448]
 [   0    0    0    0    0    0    0    0    0  320]
 [   0    0    0    0    0    0    0    0    0 1692]
 [   0    0    0    0    0    0    0    0    0 2720]
 [   0    0    0    0    0    0    0    0    0  481]
 [   0    0    0    0    0    0    0    0    0 4532]
 [   0    0    0    0    0    0    0    0    0 8222]]
val loss: 2.14737 || val accuracy: 0.31378 || val f1: 0.31378 || val precision: 0.31378 || val recall: 0.31378
[[   0    0    0    0    0    0    0    0    0  211]
 [   0    0    0    0    0    0    0    0    0  202]
 [   0    0    0    0    0    0    0    0    0 1249]
 [   0    0    0    0    0    0    0    0    0  711]
 [   0    0    0    0    0    0    0    0    0   69]
 [   0    0    0    0    0    0    0    0    0  432]
 [   0    0    0    0    0    0    0    0    0  717]
 [   0    0    0    0    0    0    0    0    0  163]
 [   0    0    0    0    0    0    0    0    0 1335]
 [   0    0    0    0    0    0    0    0    0 2327]]

checkpoint name: c3d-pretrained_7_0.0001 
train loss: 2.14444 || train accuracy: 0.31671 || train f1: 0.31671 || train precision: 0.31671 || train recall: 0.31671
[[   0    0    0    0    0    0    0    0    0  702]
 [   0    0    0    0    0    0    0    0    0  743]
 [   0    0    0    0    0    0    0    0    0 4101]
 [   0    0    0    0    0    0    0    0    0 2448]
 [   0    0    0    0    0    0    0    0    0  320]
 [   0    0    0    0    0    0    0    0    0 1692]
 [   0    0    0    0    0    0    0    0    0 2720]
 [   0    0    0    0    0    0    0    0    0  481]
 [   0    0    0    0    0    0    0    0    0 4532]
 [   0    0    0    0    0    0    0    0    0 8222]]
val loss: 2.14737 || val accuracy: 0.31378 || val f1: 0.31378 || val precision: 0.31378 || val recall: 0.31378
[[   0    0    0    0    0    0    0    0    0  211]
 [   0    0    0    0    0    0    0    0    0  202]
 [   0    0    0    0    0    0    0    0    0 1249]
 [   0    0    0    0    0    0    0    0    0  711]
 [   0    0    0    0    0    0    0    0    0   69]
 [   0    0    0    0    0    0    0    0    0  432]
 [   0    0    0    0    0    0    0    0    0  717]
 [   0    0    0    0    0    0    0    0    0  163]
 [   0    0    0    0    0    0    0    0    0 1335]
 [   0    0    0    0    0    0    0    0    0 2327]]

checkpoint name: c3d-pretrained_8_0.0001 
train loss: 2.14444 || train accuracy: 0.31671 || train f1: 0.31671 || train precision: 0.31671 || train recall: 0.31671
[[   0    0    0    0    0    0    0    0    0  702]
 [   0    0    0    0    0    0    0    0    0  743]
 [   0    0    0    0    0    0    0    0    0 4101]
 [   0    0    0    0    0    0    0    0    0 2448]
 [   0    0    0    0    0    0    0    0    0  320]
 [   0    0    0    0    0    0    0    0    0 1692]
 [   0    0    0    0    0    0    0    0    0 2720]
 [   0    0    0    0    0    0    0    0    0  481]
 [   0    0    0    0    0    0    0    0    0 4532]
 [   0    0    0    0    0    0    0    0    0 8222]]
val loss: 2.14737 || val accuracy: 0.31378 || val f1: 0.31378 || val precision: 0.31378 || val recall: 0.31378
[[   0    0    0    0    0    0    0    0    0  211]
 [   0    0    0    0    0    0    0    0    0  202]
 [   0    0    0    0    0    0    0    0    0 1249]
 [   0    0    0    0    0    0    0    0    0  711]
 [   0    0    0    0    0    0    0    0    0   69]
 [   0    0    0    0    0    0    0    0    0  432]
 [   0    0    0    0    0    0    0    0    0  717]
 [   0    0    0    0    0    0    0    0    0  163]
 [   0    0    0    0    0    0    0    0    0 1335]
 [   0    0    0    0    0    0    0    0    0 2327]]

checkpoint name: c3d-pretrained_9_0.0001 
train loss: 2.14444 || train accuracy: 0.31671 || train f1: 0.31671 || train precision: 0.31671 || train recall: 0.31671
[[   0    0    0    0    0    0    0    0    0  702]
 [   0    0    0    0    0    0    0    0    0  743]
 [   0    0    0    0    0    0    0    0    0 4101]
 [   0    0    0    0    0    0    0    0    0 2448]
 [   0    0    0    0    0    0    0    0    0  320]
 [   0    0    0    0    0    0    0    0    0 1692]
 [   0    0    0    0    0    0    0    0    0 2720]
 [   0    0    0    0    0    0    0    0    0  481]
 [   0    0    0    0    0    0    0    0    0 4532]
 [   0    0    0    0    0    0    0    0    0 8222]]
val loss: 2.14737 || val accuracy: 0.31378 || val f1: 0.31378 || val precision: 0.31378 || val recall: 0.31378
[[   0    0    0    0    0    0    0    0    0  211]
 [   0    0    0    0    0    0    0    0    0  202]
 [   0    0    0    0    0    0    0    0    0 1249]
 [   0    0    0    0    0    0    0    0    0  711]
 [   0    0    0    0    0    0    0    0    0   69]
 [   0    0    0    0    0    0    0    0    0  432]
 [   0    0    0    0    0    0    0    0    0  717]
 [   0    0    0    0    0    0    0    0    0  163]
 [   0    0    0    0    0    0    0    0    0 1335]
 [   0    0    0    0    0    0    0    0    0 2327]]

checkpoint name: c3d-pretrained_10_0.0001 
train loss: 2.14444 || train accuracy: 0.31671 || train f1: 0.31671 || train precision: 0.31671 || train recall: 0.31671
[[   0    0    0    0    0    0    0    0    0  702]
 [   0    0    0    0    0    0    0    0    0  743]
 [   0    0    0    0    0    0    0    0    0 4101]
 [   0    0    0    0    0    0    0    0    0 2448]
 [   0    0    0    0    0    0    0    0    0  320]
 [   0    0    0    0    0    0    0    0    0 1692]
 [   0    0    0    0    0    0    0    0    0 2720]
 [   0    0    0    0    0    0    0    0    0  481]
 [   0    0    0    0    0    0    0    0    0 4532]
 [   0    0    0    0    0    0    0    0    0 8222]]
val loss: 2.14737 || val accuracy: 0.31378 || val f1: 0.31378 || val precision: 0.31378 || val recall: 0.31378
[[   0    0    0    0    0    0    0    0    0  211]
 [   0    0    0    0    0    0    0    0    0  202]
 [   0    0    0    0    0    0    0    0    0 1249]
 [   0    0    0    0    0    0    0    0    0  711]
 [   0    0    0    0    0    0    0    0    0   69]
 [   0    0    0    0    0    0    0    0    0  432]
 [   0    0    0    0    0    0    0    0    0  717]
 [   0    0    0    0    0    0    0    0    0  163]
 [   0    0    0    0    0    0    0    0    0 1335]
 [   0    0    0    0    0    0    0    0    0 2327]]

checkpoint name: c3d-pretrained_11_0.0001 
train loss: 2.14444 || train accuracy: 0.31671 || train f1: 0.31671 || train precision: 0.31671 || train recall: 0.31671
[[   0    0    0    0    0    0    0    0    0  702]
 [   0    0    0    0    0    0    0    0    0  743]
 [   0    0    0    0    0    0    0    0    0 4101]
 [   0    0    0    0    0    0    0    0    0 2448]
 [   0    0    0    0    0    0    0    0    0  320]
 [   0    0    0    0    0    0    0    0    0 1692]
 [   0    0    0    0    0    0    0    0    0 2720]
 [   0    0    0    0    0    0    0    0    0  481]
 [   0    0    0    0    0    0    0    0    0 4532]
 [   0    0    0    0    0    0    0    0    0 8222]]
val loss: 2.14737 || val accuracy: 0.31378 || val f1: 0.31378 || val precision: 0.31378 || val recall: 0.31378
[[   0    0    0    0    0    0    0    0    0  211]
 [   0    0    0    0    0    0    0    0    0  202]
 [   0    0    0    0    0    0    0    0    0 1249]
 [   0    0    0    0    0    0    0    0    0  711]
 [   0    0    0    0    0    0    0    0    0   69]
 [   0    0    0    0    0    0    0    0    0  432]
 [   0    0    0    0    0    0    0    0    0  717]
 [   0    0    0    0    0    0    0    0    0  163]
 [   0    0    0    0    0    0    0    0    0 1335]
 [   0    0    0    0    0    0    0    0    0 2327]]

checkpoint name: c3d-pretrained_12_0.0001 
train loss: 2.14444 || train accuracy: 0.31671 || train f1: 0.31671 || train precision: 0.31671 || train recall: 0.31671
[[   0    0    0    0    0    0    0    0    0  702]
 [   0    0    0    0    0    0    0    0    0  743]
 [   0    0    0    0    0    0    0    0    0 4101]
 [   0    0    0    0    0    0    0    0    0 2448]
 [   0    0    0    0    0    0    0    0    0  320]
 [   0    0    0    0    0    0    0    0    0 1692]
 [   0    0    0    0    0    0    0    0    0 2720]
 [   0    0    0    0    0    0    0    0    0  481]
 [   0    0    0    0    0    0    0    0    0 4532]
 [   0    0    0    0    0    0    0    0    0 8222]]
val loss: 2.14737 || val accuracy: 0.31378 || val f1: 0.31378 || val precision: 0.31378 || val recall: 0.31378
[[   0    0    0    0    0    0    0    0    0  211]
 [   0    0    0    0    0    0    0    0    0  202]
 [   0    0    0    0    0    0    0    0    0 1249]
 [   0    0    0    0    0    0    0    0    0  711]
 [   0    0    0    0    0    0    0    0    0   69]
 [   0    0    0    0    0    0    0    0    0  432]
 [   0    0    0    0    0    0    0    0    0  717]
 [   0    0    0    0    0    0    0    0    0  163]
 [   0    0    0    0    0    0    0    0    0 1335]
 [   0    0    0    0    0    0    0    0    0 2327]]

checkpoint name: c3d-pretrained_13_0.0001 
train loss: 2.14444 || train accuracy: 0.31671 || train f1: 0.31671 || train precision: 0.31671 || train recall: 0.31671
[[   0    0    0    0    0    0    0    0    0  702]
 [   0    0    0    0    0    0    0    0    0  743]
 [   0    0    0    0    0    0    0    0    0 4101]
 [   0    0    0    0    0    0    0    0    0 2448]
 [   0    0    0    0    0    0    0    0    0  320]
 [   0    0    0    0    0    0    0    0    0 1692]
 [   0    0    0    0    0    0    0    0    0 2720]
 [   0    0    0    0    0    0    0    0    0  481]
 [   0    0    0    0    0    0    0    0    0 4532]
 [   0    0    0    0    0    0    0    0    0 8222]]
val loss: 2.14737 || val accuracy: 0.31378 || val f1: 0.31378 || val precision: 0.31378 || val recall: 0.31378
[[   0    0    0    0    0    0    0    0    0  211]
 [   0    0    0    0    0    0    0    0    0  202]
 [   0    0    0    0    0    0    0    0    0 1249]
 [   0    0    0    0    0    0    0    0    0  711]
 [   0    0    0    0    0    0    0    0    0   69]
 [   0    0    0    0    0    0    0    0    0  432]
 [   0    0    0    0    0    0    0    0    0  717]
 [   0    0    0    0    0    0    0    0    0  163]
 [   0    0    0    0    0    0    0    0    0 1335]
 [   0    0    0    0    0    0    0    0    0 2327]]

checkpoint name: c3d-pretrained_14_0.0001 
train loss: 2.14444 || train accuracy: 0.31671 || train f1: 0.31671 || train precision: 0.31671 || train recall: 0.31671
[[   0    0    0    0    0    0    0    0    0  702]
 [   0    0    0    0    0    0    0    0    0  743]
 [   0    0    0    0    0    0    0    0    0 4101]
 [   0    0    0    0    0    0    0    0    0 2448]
 [   0    0    0    0    0    0    0    0    0  320]
 [   0    0    0    0    0    0    0    0    0 1692]
 [   0    0    0    0    0    0    0    0    0 2720]
 [   0    0    0    0    0    0    0    0    0  481]
 [   0    0    0    0    0    0    0    0    0 4532]
 [   0    0    0    0    0    0    0    0    0 8222]]
val loss: 2.14737 || val accuracy: 0.31378 || val f1: 0.31378 || val precision: 0.31378 || val recall: 0.31378
[[   0    0    0    0    0    0    0    0    0  211]
 [   0    0    0    0    0    0    0    0    0  202]
 [   0    0    0    0    0    0    0    0    0 1249]
 [   0    0    0    0    0    0    0    0    0  711]
 [   0    0    0    0    0    0    0    0    0   69]
 [   0    0    0    0    0    0    0    0    0  432]
 [   0    0    0    0    0    0    0    0    0  717]
 [   0    0    0    0    0    0    0    0    0  163]
 [   0    0    0    0    0    0    0    0    0 1335]
 [   0    0    0    0    0    0    0    0    0 2327]]

checkpoint name: c3d-pretrained_15_0.0001 
train loss: 2.14444 || train accuracy: 0.31671 || train f1: 0.31671 || train precision: 0.31671 || train recall: 0.31671
[[   0    0    0    0    0    0    0    0    0  702]
 [   0    0    0    0    0    0    0    0    0  743]
 [   0    0    0    0    0    0    0    0    0 4101]
 [   0    0    0    0    0    0    0    0    0 2448]
 [   0    0    0    0    0    0    0    0    0  320]
 [   0    0    0    0    0    0    0    0    0 1692]
 [   0    0    0    0    0    0    0    0    0 2720]
 [   0    0    0    0    0    0    0    0    0  481]
 [   0    0    0    0    0    0    0    0    0 4532]
 [   0    0    0    0    0    0    0    0    0 8222]]
val loss: 2.14737 || val accuracy: 0.31378 || val f1: 0.31378 || val precision: 0.31378 || val recall: 0.31378
[[   0    0    0    0    0    0    0    0    0  211]
 [   0    0    0    0    0    0    0    0    0  202]
 [   0    0    0    0    0    0    0    0    0 1249]
 [   0    0    0    0    0    0    0    0    0  711]
 [   0    0    0    0    0    0    0    0    0   69]
 [   0    0    0    0    0    0    0    0    0  432]
 [   0    0    0    0    0    0    0    0    0  717]
 [   0    0    0    0    0    0    0    0    0  163]
 [   0    0    0    0    0    0    0    0    0 1335]
 [   0    0    0    0    0    0    0    0    0 2327]]

checkpoint name: c3d-pretrained_16_0.0001 
train loss: 2.14444 || train accuracy: 0.31671 || train f1: 0.31671 || train precision: 0.31671 || train recall: 0.31671
[[   0    0    0    0    0    0    0    0    0  702]
 [   0    0    0    0    0    0    0    0    0  743]
 [   0    0    0    0    0    0    0    0    0 4101]
 [   0    0    0    0    0    0    0    0    0 2448]
 [   0    0    0    0    0    0    0    0    0  320]
 [   0    0    0    0    0    0    0    0    0 1692]
 [   0    0    0    0    0    0    0    0    0 2720]
 [   0    0    0    0    0    0    0    0    0  481]
 [   0    0    0    0    0    0    0    0    0 4532]
 [   0    0    0    0    0    0    0    0    0 8222]]
val loss: 2.14737 || val accuracy: 0.31378 || val f1: 0.31378 || val precision: 0.31378 || val recall: 0.31378
[[   0    0    0    0    0    0    0    0    0  211]
 [   0    0    0    0    0    0    0    0    0  202]
 [   0    0    0    0    0    0    0    0    0 1249]
 [   0    0    0    0    0    0    0    0    0  711]
 [   0    0    0    0    0    0    0    0    0   69]
 [   0    0    0    0    0    0    0    0    0  432]
 [   0    0    0    0    0    0    0    0    0  717]
 [   0    0    0    0    0    0    0    0    0  163]
 [   0    0    0    0    0    0    0    0    0 1335]
 [   0    0    0    0    0    0    0    0    0 2327]]

checkpoint name: c3d-pretrained_17_0.0001 
train loss: 2.14444 || train accuracy: 0.31671 || train f1: 0.31671 || train precision: 0.31671 || train recall: 0.31671
[[   0    0    0    0    0    0    0    0    0  702]
 [   0    0    0    0    0    0    0    0    0  743]
 [   0    0    0    0    0    0    0    0    0 4101]
 [   0    0    0    0    0    0    0    0    0 2448]
 [   0    0    0    0    0    0    0    0    0  320]
 [   0    0    0    0    0    0    0    0    0 1692]
 [   0    0    0    0    0    0    0    0    0 2720]
 [   0    0    0    0    0    0    0    0    0  481]
 [   0    0    0    0    0    0    0    0    0 4532]
 [   0    0    0    0    0    0    0    0    0 8222]]
val loss: 2.14737 || val accuracy: 0.31378 || val f1: 0.31378 || val precision: 0.31378 || val recall: 0.31378
[[   0    0    0    0    0    0    0    0    0  211]
 [   0    0    0    0    0    0    0    0    0  202]
 [   0    0    0    0    0    0    0    0    0 1249]
 [   0    0    0    0    0    0    0    0    0  711]
 [   0    0    0    0    0    0    0    0    0   69]
 [   0    0    0    0    0    0    0    0    0  432]
 [   0    0    0    0    0    0    0    0    0  717]
 [   0    0    0    0    0    0    0    0    0  163]
 [   0    0    0    0    0    0    0    0    0 1335]
 [   0    0    0    0    0    0    0    0    0 2327]]

checkpoint name: c3d-pretrained_18_0.0001 
train loss: 2.14444 || train accuracy: 0.31671 || train f1: 0.31671 || train precision: 0.31671 || train recall: 0.31671
[[   0    0    0    0    0    0    0    0    0  702]
 [   0    0    0    0    0    0    0    0    0  743]
 [   0    0    0    0    0    0    0    0    0 4101]
 [   0    0    0    0    0    0    0    0    0 2448]
 [   0    0    0    0    0    0    0    0    0  320]
 [   0    0    0    0    0    0    0    0    0 1692]
 [   0    0    0    0    0    0    0    0    0 2720]
 [   0    0    0    0    0    0    0    0    0  481]
 [   0    0    0    0    0    0    0    0    0 4532]
 [   0    0    0    0    0    0    0    0    0 8222]]
val loss: 2.14737 || val accuracy: 0.31378 || val f1: 0.31378 || val precision: 0.31378 || val recall: 0.31378
[[   0    0    0    0    0    0    0    0    0  211]
 [   0    0    0    0    0    0    0    0    0  202]
 [   0    0    0    0    0    0    0    0    0 1249]
 [   0    0    0    0    0    0    0    0    0  711]
 [   0    0    0    0    0    0    0    0    0   69]
 [   0    0    0    0    0    0    0    0    0  432]
 [   0    0    0    0    0    0    0    0    0  717]
 [   0    0    0    0    0    0    0    0    0  163]
 [   0    0    0    0    0    0    0    0    0 1335]
 [   0    0    0    0    0    0    0    0    0 2327]]

checkpoint name: c3d-pretrained_19_0.0001 
train loss: 2.14444 || train accuracy: 0.31671 || train f1: 0.31671 || train precision: 0.31671 || train recall: 0.31671
[[   0    0    0    0    0    0    0    0    0  702]
 [   0    0    0    0    0    0    0    0    0  743]
 [   0    0    0    0    0    0    0    0    0 4101]
 [   0    0    0    0    0    0    0    0    0 2448]
 [   0    0    0    0    0    0    0    0    0  320]
 [   0    0    0    0    0    0    0    0    0 1692]
 [   0    0    0    0    0    0    0    0    0 2720]
 [   0    0    0    0    0    0    0    0    0  481]
 [   0    0    0    0    0    0    0    0    0 4532]
 [   0    0    0    0    0    0    0    0    0 8222]]
val loss: 2.14737 || val accuracy: 0.31378 || val f1: 0.31378 || val precision: 0.31378 || val recall: 0.31378
[[   0    0    0    0    0    0    0    0    0  211]
 [   0    0    0    0    0    0    0    0    0  202]
 [   0    0    0    0    0    0    0    0    0 1249]
 [   0    0    0    0    0    0    0    0    0  711]
 [   0    0    0    0    0    0    0    0    0   69]
 [   0    0    0    0    0    0    0    0    0  432]
 [   0    0    0    0    0    0    0    0    0  717]
 [   0    0    0    0    0    0    0    0    0  163]
 [   0    0    0    0    0    0    0    0    0 1335]
 [   0    0    0    0    0    0    0    0    0 2327]]

checkpoint name: c3d-pretrained_20_0.0001 
train loss: 2.14444 || train accuracy: 0.31671 || train f1: 0.31671 || train precision: 0.31671 || train recall: 0.31671
[[   0    0    0    0    0    0    0    0    0  702]
 [   0    0    0    0    0    0    0    0    0  743]
 [   0    0    0    0    0    0    0    0    0 4101]
 [   0    0    0    0    0    0    0    0    0 2448]
 [   0    0    0    0    0    0    0    0    0  320]
 [   0    0    0    0    0    0    0    0    0 1692]
 [   0    0    0    0    0    0    0    0    0 2720]
 [   0    0    0    0    0    0    0    0    0  481]
 [   0    0    0    0    0    0    0    0    0 4532]
 [   0    0    0    0    0    0    0    0    0 8222]]
val loss: 2.14737 || val accuracy: 0.31378 || val f1: 0.31378 || val precision: 0.31378 || val recall: 0.31378
[[   0    0    0    0    0    0    0    0    0  211]
 [   0    0    0    0    0    0    0    0    0  202]
 [   0    0    0    0    0    0    0    0    0 1249]
 [   0    0    0    0    0    0    0    0    0  711]
 [   0    0    0    0    0    0    0    0    0   69]
 [   0    0    0    0    0    0    0    0    0  432]
 [   0    0    0    0    0    0    0    0    0  717]
 [   0    0    0    0    0    0    0    0    0  163]
 [   0    0    0    0    0    0    0    0    0 1335]
 [   0    0    0    0    0    0    0    0    0 2327]]

checkpoint name: c3d-pretrained_21_0.0001 
train loss: 2.14444 || train accuracy: 0.31671 || train f1: 0.31671 || train precision: 0.31671 || train recall: 0.31671
[[   0    0    0    0    0    0    0    0    0  702]
 [   0    0    0    0    0    0    0    0    0  743]
 [   0    0    0    0    0    0    0    0    0 4101]
 [   0    0    0    0    0    0    0    0    0 2448]
 [   0    0    0    0    0    0    0    0    0  320]
 [   0    0    0    0    0    0    0    0    0 1692]
 [   0    0    0    0    0    0    0    0    0 2720]
 [   0    0    0    0    0    0    0    0    0  481]
 [   0    0    0    0    0    0    0    0    0 4532]
 [   0    0    0    0    0    0    0    0    0 8222]]
val loss: 2.14737 || val accuracy: 0.31378 || val f1: 0.31378 || val precision: 0.31378 || val recall: 0.31378
[[   0    0    0    0    0    0    0    0    0  211]
 [   0    0    0    0    0    0    0    0    0  202]
 [   0    0    0    0    0    0    0    0    0 1249]
 [   0    0    0    0    0    0    0    0    0  711]
 [   0    0    0    0    0    0    0    0    0   69]
 [   0    0    0    0    0    0    0    0    0  432]
 [   0    0    0    0    0    0    0    0    0  717]
 [   0    0    0    0    0    0    0    0    0  163]
 [   0    0    0    0    0    0    0    0    0 1335]
 [   0    0    0    0    0    0    0    0    0 2327]]

checkpoint name: c3d-pretrained_22_0.0001 
train loss: 2.14444 || train accuracy: 0.31671 || train f1: 0.31671 || train precision: 0.31671 || train recall: 0.31671
[[   0    0    0    0    0    0    0    0    0  702]
 [   0    0    0    0    0    0    0    0    0  743]
 [   0    0    0    0    0    0    0    0    0 4101]
 [   0    0    0    0    0    0    0    0    0 2448]
 [   0    0    0    0    0    0    0    0    0  320]
 [   0    0    0    0    0    0    0    0    0 1692]
 [   0    0    0    0    0    0    0    0    0 2720]
 [   0    0    0    0    0    0    0    0    0  481]
 [   0    0    0    0    0    0    0    0    0 4532]
 [   0    0    0    0    0    0    0    0    0 8222]]
val loss: 2.14737 || val accuracy: 0.31378 || val f1: 0.31378 || val precision: 0.31378 || val recall: 0.31378
[[   0    0    0    0    0    0    0    0    0  211]
 [   0    0    0    0    0    0    0    0    0  202]
 [   0    0    0    0    0    0    0    0    0 1249]
 [   0    0    0    0    0    0    0    0    0  711]
 [   0    0    0    0    0    0    0    0    0   69]
 [   0    0    0    0    0    0    0    0    0  432]
 [   0    0    0    0    0    0    0    0    0  717]
 [   0    0    0    0    0    0    0    0    0  163]
 [   0    0    0    0    0    0    0    0    0 1335]
 [   0    0    0    0    0    0    0    0    0 2327]]

checkpoint name: c3d-pretrained_23_0.0001 
train loss: 2.14444 || train accuracy: 0.31671 || train f1: 0.31671 || train precision: 0.31671 || train recall: 0.31671
[[   0    0    0    0    0    0    0    0    0  702]
 [   0    0    0    0    0    0    0    0    0  743]
 [   0    0    0    0    0    0    0    0    0 4101]
 [   0    0    0    0    0    0    0    0    0 2448]
 [   0    0    0    0    0    0    0    0    0  320]
 [   0    0    0    0    0    0    0    0    0 1692]
 [   0    0    0    0    0    0    0    0    0 2720]
 [   0    0    0    0    0    0    0    0    0  481]
 [   0    0    0    0    0    0    0    0    0 4532]
 [   0    0    0    0    0    0    0    0    0 8222]]
val loss: 2.14737 || val accuracy: 0.31378 || val f1: 0.31378 || val precision: 0.31378 || val recall: 0.31378
[[   0    0    0    0    0    0    0    0    0  211]
 [   0    0    0    0    0    0    0    0    0  202]
 [   0    0    0    0    0    0    0    0    0 1249]
 [   0    0    0    0    0    0    0    0    0  711]
 [   0    0    0    0    0    0    0    0    0   69]
 [   0    0    0    0    0    0    0    0    0  432]
 [   0    0    0    0    0    0    0    0    0  717]
 [   0    0    0    0    0    0    0    0    0  163]
 [   0    0    0    0    0    0    0    0    0 1335]
 [   0    0    0    0    0    0    0    0    0 2327]]

checkpoint name: c3d-pretrained_24_0.0001 
train loss: 2.14444 || train accuracy: 0.31671 || train f1: 0.31671 || train precision: 0.31671 || train recall: 0.31671
[[   0    0    0    0    0    0    0    0    0  702]
 [   0    0    0    0    0    0    0    0    0  743]
 [   0    0    0    0    0    0    0    0    0 4101]
 [   0    0    0    0    0    0    0    0    0 2448]
 [   0    0    0    0    0    0    0    0    0  320]
 [   0    0    0    0    0    0    0    0    0 1692]
 [   0    0    0    0    0    0    0    0    0 2720]
 [   0    0    0    0    0    0    0    0    0  481]
 [   0    0    0    0    0    0    0    0    0 4532]
 [   0    0    0    0    0    0    0    0    0 8222]]
val loss: 2.14737 || val accuracy: 0.31378 || val f1: 0.31378 || val precision: 0.31378 || val recall: 0.31378
[[   0    0    0    0    0    0    0    0    0  211]
 [   0    0    0    0    0    0    0    0    0  202]
 [   0    0    0    0    0    0    0    0    0 1249]
 [   0    0    0    0    0    0    0    0    0  711]
 [   0    0    0    0    0    0    0    0    0   69]
 [   0    0    0    0    0    0    0    0    0  432]
 [   0    0    0    0    0    0    0    0    0  717]
 [   0    0    0    0    0    0    0    0    0  163]
 [   0    0    0    0    0    0    0    0    0 1335]
 [   0    0    0    0    0    0    0    0    0 2327]]
