
============================== Base_model: r2plus1d ==============================
arguments: {'base_model_name': 'r2plus1d', 'pretrained': True, 'lr': 0.0001, 'start_epoch': 1, 'num_epochs': 25, 'layers_list': ['layer3', 'layer4', 'fc'], 'continue_epoch': False, 'num_classes': 9, 'batch_size': 8, 'n_total': 36662, 'test_n': 3666, 'val_n': 7332, 'annotation_path': '../datasets/sample.json', 'augmented_annotation_path': '../datasets/augmented_annotation_dict.json', 'model_path': '../model_checkpoints/r2plus1d_augmented_9class/', 'history_path': '../histories/history_r2plus1d_augmented_9class.txt'}

checkpoint name: r2plus1d_1_0.0001 
train loss: 0.7902 || train accuracy: 0.72592 || train f1: 0.72592 || train precision: 0.72592 || train recall: 0.72592
[[2713  220   61   21  148   35   68  149   48]
 [ 287 2755   90  134   88  139   34  169   65]
 [  46   37 3433  160    0   31  143   18  282]
 [  10   52  287 1778    4  105   67   10   62]
 [ 284  198   19   17  903   23    2   36   22]
 [  67  100  126  182   26  904   92    8  135]
 [  69   15  224   69    2   53 1741   44  483]
 [ 166  191   46   16   12   18   65 1881  135]
 [  41   38  379   41    7   61  387   65 2522]]
val loss: 0.50942 || val accuracy: 0.81642 || val f1: 0.81642 || val precision: 0.81642 || val recall: 0.81642
[[865  10   4   1   5   2  26  79   5]
 [ 14 902   7  21   7  40   6  55   4]
 [  7   1 989  12   0   6  47  22 109]
 [  1  11  44 627   0  31   6   1  14]
 [ 44  29   0   0 327   5   0   9   0]
 [ 13  23  24  54   3 345   8  12   6]
 [  3   2  19  10   0  26 617  47  66]
 [  1   0   3   1   0   0   9 683   3]
 [  7   6  34  19   1  18 131 112 631]]

checkpoint name: r2plus1d_2_0.0001 
train loss: 0.3889 || train accuracy: 0.86787 || train f1: 0.86787 || train precision: 0.86787 || train recall: 0.86787
[[3186   77   17    5   56   17   50   43   12]
 [  66 3389   22   68   41   83   16   49   27]
 [  18   19 3774   52    1   18   76    8  184]
 [   0   39  100 2094    0   83   35    5   19]
 [  86   51    3    4 1328   14    0   12    6]
 [  25   80   49  100   15 1280   41    7   43]
 [  38   14  108   23    0   33 2088   22  374]
 [  40   46   19    6    4    6   38 2308   63]
 [  25   20  245   18    4   38  327   38 2826]]
val loss: 0.38703 || val accuracy: 0.86007 || val f1: 0.86007 || val precision: 0.86007 || val recall: 0.86007
[[934  11   3   0   2   1  22  22   2]
 [  6 956   8  11   0  24  12  32   7]
 [  5   3 956   9   1   1  57  14 147]
 [  0   8  27 638   0  14  24   9  15]
 [ 11  24   0   0 371   2   0   5   1]
 [ 16  20  14  30   5 334  41   8  20]
 [  5   0  10   3   0   1 636   7 128]
 [  0   0   0   0   2   0  13 668  17]
 [  6   8  27   2   1   8  80  14 813]]

checkpoint name: r2plus1d_3_0.0001 
train loss: 0.23243 || train accuracy: 0.92129 || train f1: 0.92129 || train precision: 0.92129 || train recall: 0.92129
[[3331   33    5    1   23    7   25   20   18]
 [  32 3599   19   22   11   43    3   18   14]
 [   9   12 3900   26    0   20   45    5  133]
 [   3   22   50 2208    1   53   19    3   16]
 [  42   14    1    1 1429    9    0    5    3]
 [  15   36   32   68   13 1428   23    3   22]
 [  19    5   66   21    1   16 2312   23  237]
 [  20   21   11    1    0    6   26 2405   40]
 [  10   12  180    7    2   21  247   30 3032]]
val loss: 0.35708 || val accuracy: 0.87957 || val f1: 0.87957 || val precision: 0.87957 || val recall: 0.87957
[[ 972    2    3    1   13    3    2    0    1]
 [   4 1002    0   12   14   16    1    7    0]
 [   7   10  999   28    3    2   13    3  128]
 [   1    8   11  675    0   19    5    0   16]
 [   4    4    0    0  405    0    0    0    1]
 [  14   29    9   25   13  370    3    4   21]
 [  18    4   25   16    1   10  531    5  180]
 [   8    7    4    2    0    0    4  641   34]
 [  13    8   42    5    0    3   25    9  854]]

checkpoint name: r2plus1d_4_0.0001 
train loss: 0.1571 || train accuracy: 0.94857 || train f1: 0.94857 || train precision: 0.94857 || train recall: 0.94857
[[3367   15   12    1   20    6   14   14   14]
 [  17 3658    9   13   11   26    5   14    8]
 [   2    7 3969   24    0    6   36    2  104]
 [   0   11   32 2275    2   31   12    2   10]
 [  25   12    0    0 1455    8    0    2    2]
 [   7   31   12   44    7 1507   13    3   16]
 [  17    5   33    7    0    5 2474    8  151]
 [  17   10    4    4    1    3   14 2446   31]
 [  14    3  132    9    0   15  158   17 3193]]
val loss: 0.34766 || val accuracy: 0.88734 || val f1: 0.88734 || val precision: 0.88734 || val recall: 0.88734
[[ 981    3    0    0    8    2    0    3    0]
 [   4 1006    4   13    5   18    2    4    0]
 [  13    5 1065   13    0    7   17    7   66]
 [   3    5   13  694    1   13    3    0    3]
 [   2    7    0    0  404    0    0    0    1]
 [  18   17   12   35   17  376    8    0    5]
 [  28    1   25   10    1    9  535   21  160]
 [  14    3    2    1    0    1    3  669    7]
 [  14   12   71   13    1   19   31   22  776]]

checkpoint name: r2plus1d_5_0.0001 
train loss: 0.11053 || train accuracy: 0.96248 || train f1: 0.96248 || train precision: 0.96248 || train recall: 0.96248
[[3387   17    5    1   16    5   12   15    5]
 [  19 3672    5   11   19   16    3   11    5]
 [   3    4 4035   19    0    7   20    4   58]
 [   1    7   30 2301    0   21    9    1    5]
 [  20   17    0    2 1457    4    0    1    3]
 [   4   19    9   23    1 1558   14    2   10]
 [  16    3   17   11    0    8 2525    1  119]
 [  20   14    3    5    1    3    6 2464   14]
 [   7    5   76    3    3    9  124   12 3302]]
val loss: 0.35648 || val accuracy: 0.89062 || val f1: 0.89062 || val precision: 0.89062 || val recall: 0.89062
[[ 982    3    0    0    1    1    3    6    1]
 [  13  979   12   11    6   19    1   12    3]
 [   5    0 1097    3    2    1   30    2   53]
 [   0    2   31  665    0   14    9    0   14]
 [   9    1    0    0  403    0    0    1    0]
 [  13   14   27   21    8  358   19    0   28]
 [  29    1   20    4    0    5  664    9   58]
 [   9    0    0    0    0    1    6  681    3]
 [  14    0   77    5    0    1  137   24  701]]

checkpoint name: r2plus1d_6_0.0001 
train loss: 0.08345 || train accuracy: 0.97206 || train f1: 0.97206 || train precision: 0.97206 || train recall: 0.97206
[[3409   11    3    0   15    6   10    2    7]
 [  12 3697    4   11    9   13    3    7    5]
 [   2    3 4050   10    0   10   16    2   57]
 [   0    4    8 2327    2   18   10    1    5]
 [  22    8    0    3 1466    3    0    1    1]
 [   8   14    8   26    0 1562    8    2   12]
 [   9    1   14    9    0    7 2571    8   81]
 [   5    9    3    2    0    1    5 2493   12]
 [   5    6   63    2    0    6   79    8 3372]]
val loss: 0.41949 || val accuracy: 0.88271 || val f1: 0.88271 || val precision: 0.88271 || val recall: 0.88271
[[ 990    0    1    0    1    1    0    3    1]
 [  20  997    9    1   10    8    1    9    1]
 [  17    2 1066    5    1   10   21    3   68]
 [   1   15   28  654    5   13    5    1   13]
 [  11    3    0    0  399    1    0    0    0]
 [  25   46   15   23   18  349    2    1    9]
 [  40    6   21    7    2    8  555    3  148]
 [  10    1    3    0    0    2    4  672    8]
 [  16    5   65    3    1   16   48   15  790]]

checkpoint name: r2plus1d_7_0.0001 
train loss: 0.07467 || train accuracy: 0.97635 || train f1: 0.97635 || train precision: 0.97635 || train recall: 0.97635
[[3416   11    1    1   13    4    3    8    6]
 [  10 3696    6    8    5   13    4   13    6]
 [   2    3 4069   16    0    1   12    1   46]
 [   0    7   19 2327    0   12    6    1    3]
 [  13    5    0    0 1480    3    0    1    2]
 [   4   11    2   13    4 1586    8    3    9]
 [   5    3    8    5    0    6 2599    6   68]
 [   7   10    3    0    1    1    9 2490    9]
 [   3    7   46    4    0    7   70   10 3394]]
val loss: 0.38921 || val accuracy: 0.88462 || val f1: 0.88462 || val precision: 0.88462 || val recall: 0.88462
[[ 976    7    2    0    2    1    3    5    1]
 [   7 1012    1    1    8   20    0    1    6]
 [   5    8 1096    8    0   12   19    2   43]
 [   0   51   33  603    0   36    4    0    8]
 [   1    0    0    0  413    0    0    0    0]
 [  14   25   10   19   11  393    7    2    7]
 [  15    4   27   10    3   14  600    4  113]
 [  14   12    6    1    0    1    6  649   11]
 [  15    9   95    4    1   18   62   11  744]]

checkpoint name: r2plus1d_8_0.0001 
train loss: 0.06307 || train accuracy: 0.9795 || train f1: 0.9795 || train precision: 0.9795 || train recall: 0.9795
[[3416   13    4    1    6    7    6    5    5]
 [   8 3709    2    9    4   15    1    8    5]
 [   2    0 4086   14    1    5    9    2   31]
 [   1   11   12 2334    0   12    3    0    2]
 [  12    7    1    1 1476    6    0    1    0]
 [   3   13    4   16    5 1586    6    2    5]
 [   8    1    8    6    0    4 2617    2   54]
 [   4    7    2    1    0    1    4 2498   13]
 [   4    4   41    2    1    3   58   12 3416]]
val loss: 0.37658 || val accuracy: 0.8943 || val f1: 0.8943 || val precision: 0.8943 || val recall: 0.8943
[[ 991    0    0    0    2    1    3    0    0]
 [  12  975   11   10    5   28    7    1    7]
 [  10    1 1056   10    0    2   35    7   72]
 [   1    7   18  667    0   23    8    0   11]
 [  10    0    0    0  403    1    0    0    0]
 [  15   19   19   16    8  379   17    0   15]
 [  13    0   12    4    0    5  699    2   55]
 [  19    7    4    1    2    1    5  652    9]
 [  11    1   54    0    0    9  136   13  735]]

checkpoint name: r2plus1d_9_0.0001 
train loss: 0.05703 || train accuracy: 0.9813 || train f1: 0.9813 || train precision: 0.9813 || train recall: 0.9813
[[3418   19    0    1    7    3    7    4    4]
 [  15 3710    3    6    9    4    1    8    5]
 [   0    4 4092    9    0    3   10    2   30]
 [   1    6   10 2330    0   15    8    1    4]
 [  11   10    0    0 1477    3    0    3    0]
 [   5    6    3   17    1 1599    2    2    5]
 [   6    0    9    7    0    2 2634    4   38]
 [   7   16    3    0    0    2    7 2481   14]
 [   3    4   38    3    0    4   34   12 3443]]
val loss: 0.41039 || val accuracy: 0.88707 || val f1: 0.88707 || val precision: 0.88707 || val recall: 0.88707
[[ 912    8    2    1   42    0   10   20    2]
 [   3  976    6   17   20   21    2   11    0]
 [   1    3 1068   24    5    2   42    1   47]
 [   1    1   13  697    0    6   11    0    6]
 [   0    3    0    0  409    2    0    0    0]
 [   7   17   15   40   13  368   15    1   12]
 [  10    0   15    8    2    3  677    1   74]
 [   0    1    5    2    1    0   16  662   13]
 [   3    6   72   11   12    4  107    9  735]]

checkpoint name: r2plus1d_10_0.0001 
train loss: 0.04505 || train accuracy: 0.98519 || train f1: 0.98519 || train precision: 0.98519 || train recall: 0.98519
[[3429    4    4    0    8    5    5    6    2]
 [   4 3721    4    7    6    9    0    6    4]
 [   1    4 4099    4    1    7    6    2   26]
 [   0    5   13 2340    0    9    4    1    3]
 [  12    5    1    0 1481    2    0    1    2]
 [   6    7    7   11    2 1600    3    1    3]
 [   5    0    7    4    0    1 2650    5   28]
 [   7    3    2    3    1    0    5 2498   11]
 [   4    4   28    2    0    3   27    7 3466]]
val loss: 0.40035 || val accuracy: 0.89321 || val f1: 0.89321 || val precision: 0.89321 || val recall: 0.89321
[[ 973    3    3    1    6    0    7    4    0]
 [   4 1012    7    9    3    7    5    4    5]
 [   6    0 1058    6    1    4   47    2   69]
 [   6    2   16  661    0   24   13    0   13]
 [   4    2    0    0  405    1    0    1    1]
 [  17   36   16   16    4  357   22    0   20]
 [   7    1   19    8    0    5  640    1  109]
 [  10    2    1    1    0    0   10  662   14]
 [   6    4   62    6    0    2   92    6  781]]

checkpoint name: r2plus1d_11_0.0001 
train loss: 0.0442 || train accuracy: 0.98613 || train f1: 0.98613 || train precision: 0.98613 || train recall: 0.98613
[[3438    4    0    2    5    2    6    5    1]
 [   6 3721    1    5    5   10    3    8    2]
 [   1    0 4113    5    0    2   10    0   19]
 [   0    4    8 2342    0    8    7    1    5]
 [   7    4    0    0 1488    2    0    1    2]
 [   0   10    3   11    3 1598    7    0    8]
 [   5    1    9    6    0    3 2637    3   36]
 [   7    7    4    0    0    1    2 2500    9]
 [   3    0   22    2    0    7   29    7 3471]]
val loss: 0.41017 || val accuracy: 0.89362 || val f1: 0.89362 || val precision: 0.89362 || val recall: 0.89362
[[ 969    7    1    1    5    1    2   10    1]
 [   1 1012    8   11    0   10    3    9    2]
 [   2    2 1104   29    0    3   16    0   37]
 [   0    6   18  694    0    8    5    0    4]
 [   0   10    0    0  403    1    0    0    0]
 [   5   22   26   37    3  374    7    1   13]
 [   8    1   34   19    1   14  602    5  106]
 [   3    3    5    1    0    0    6  663   19]
 [   5    3  130   10    0   10   61    9  731]]

checkpoint name: r2plus1d_12_0.0001 
train loss: 0.04136 || train accuracy: 0.98648 || train f1: 0.98648 || train precision: 0.98648 || train recall: 0.98648
[[3438    6    1    0   10    0    5    3    0]
 [   7 3733    2    4    5    7    1    1    1]
 [   0    1 4101    8    1    5    7    0   27]
 [   0    2   10 2346    0    7    4    0    6]
 [   8    6    0    0 1482    3    1    1    3]
 [   3    7    6    9    0 1606    4    1    4]
 [   4    2    6    6    0    5 2639    4   34]
 [   3    2    2    1    0    0    7 2506    9]
 [   0    1   23    1    1    4   37    8 3466]]
val loss: 0.3776 || val accuracy: 0.90071 || val f1: 0.90071 || val precision: 0.90071 || val recall: 0.90071
[[ 968    7    2    1    1    5    8    4    1]
 [   1 1035    2    7    1    9    1    0    0]
 [   1   10 1068   12    0   11   21    2   68]
 [   0    9   16  693    0    7    4    0    6]
 [   2    7    0    0  404    1    0    0    0]
 [   6   24    9   36   11  381    8    0   13]
 [   6    4   30   17    1    9  604    0  119]
 [   4    3    7    0    1    2    9  654   20]
 [   5    6   53   12    3   18   59    6  797]]

checkpoint name: r2plus1d_13_0.0001 
train loss: 0.03713 || train accuracy: 0.98726 || train f1: 0.98726 || train precision: 0.98726 || train recall: 0.98726
[[3436    6    1    0    7    4    5    2    2]
 [   7 3731    1    8    6    5    0    2    1]
 [   1    1 4110    8    1    1    5    3   20]
 [   1    3   14 2336    0   10    5    0    6]
 [  11    4    0    1 1485    3    0    0    0]
 [   2    2    2   11    2 1614    2    2    3]
 [   2    1    8    5    0    4 2646    1   33]
 [   5    3    2    0    0    1    2 2509    8]
 [   1    4   21    3    1    2   35    4 3470]]
val loss: 0.43252 || val accuracy: 0.88734 || val f1: 0.88734 || val precision: 0.88734 || val recall: 0.88734
[[ 912   66    4    0    0    0    4    9    2]
 [   0 1040    0    2    0   10    0    3    1]
 [   2    9 1068   10    0    2   18    6   78]
 [   0   27   12  668    0   14    6    0    8]
 [   5   28    0    0  380    1    0    0    0]
 [   7   31   15   17    5  384    5    7   17]
 [   6    3   34    6    2    7  587   10  135]
 [   2    6    2    0    0    0    3  677   10]
 [   5    9   57    5    0    2   67   24  790]]

checkpoint name: r2plus1d_14_0.0001 
train loss: 0.03356 || train accuracy: 0.98975 || train f1: 0.98975 || train precision: 0.98975 || train recall: 0.98975
[[3435    8    3    0    7    3    1    4    2]
 [   6 3736    0    4    4    5    1    3    2]
 [   3    2 4116    3    0    1    7    0   18]
 [   0    5    5 2348    0    9    4    1    3]
 [   5    4    0    0 1491    2    0    1    1]
 [   1    2    2   10    1 1617    5    1    1]
 [   3    1    5    3    0    2 2657    1   28]
 [   1    3    4    0    1    0    4 2514    3]
 [   2    2   12    0    1    3   30    4 3487]]
val loss: 0.57488 || val accuracy: 0.86129 || val f1: 0.86129 || val precision: 0.86129 || val recall: 0.86129
[[ 915   44    0    0    2    2   19    9    6]
 [   2 1006    2    6    0   34    0    4    2]
 [   1    2  937    2    1   11   70    4  165]
 [   0    5   21  605    0   68   15    0   21]
 [   8   75    0    0  318   12    0    1    0]
 [   7   15    7    6    1  409   21    0   22]
 [   4    1    5    2    0    5  654    2  117]
 [   2    7    2    0    0    2   11  643   33]
 [   1    4   23    2    0    5   92    4  828]]

checkpoint name: r2plus1d_15_0.0001 
train loss: 0.03309 || train accuracy: 0.98889 || train f1: 0.98889 || train precision: 0.98889 || train recall: 0.98889
[[3434   10    2    0    5    1    5    5    1]
 [   4 3731    2    3    5    6    1    6    3]
 [   2    1 4116    5    0    1    4    1   20]
 [   0    3    4 2356    0    7    3    1    1]
 [   7    4    0    0 1490    3    0    0    0]
 [   2    8    4    7    2 1610    3    1    3]
 [   4    0    4    5    0    4 2655    4   24]
 [   5    3    4    0    0    3    4 2506    5]
 [   2    1   22    2    0    3   27    3 3481]]
val loss: 0.4386 || val accuracy: 0.88803 || val f1: 0.88803 || val precision: 0.88803 || val recall: 0.88803
[[ 951   19    5    1    8    3    4    4    2]
 [   1 1003    3    5    2   33    0    7    2]
 [   2    6 1036   11    0   20   29   22   67]
 [   2    5   17  655    0   43    7    2    4]
 [   1    0    0    0  413    0    0    0    0]
 [   6   13    9    7    7  429    7    0   10]
 [   9    2   10   10    2   20  607   18  112]
 [   3   11    1    0    0    3    6  663   13]
 [  10   12   62    4    0   13   78   26  754]]

checkpoint name: r2plus1d_16_0.0001 
train loss: 0.02876 || train accuracy: 0.99069 || train f1: 0.99069 || train precision: 0.99069 || train recall: 0.99069
[[3447    2    1    1    3    1    2    4    2]
 [   4 3731    3    1    4    9    2    5    2]
 [   0    1 4126    4    0    2    3    1   13]
 [   0    5    7 2358    0    2    1    2    0]
 [   2    3    0    0 1496    1    0    1    1]
 [   2    6    1    6    1 1619    4    0    1]
 [   6    1    3    2    0    3 2655    2   28]
 [   3    7    2    0    2    0    3 2506    7]
 [   2    2    8    3    0    2   31    6 3487]]
val loss: 0.3752 || val accuracy: 0.90494 || val f1: 0.90494 || val precision: 0.90494 || val recall: 0.90494
[[ 967    4    1    0    4    3   12    6    0]
 [   1 1014    2    4    0   32    1    2    0]
 [   3    2 1084    7    0    9   35    3   50]
 [   1    7   19  664    0   32    8    0    4]
 [   1    6    0    0  407    0    0    0    0]
 [   6    9   15   13    3  426    8    0    8]
 [   8    0   20    3    0   25  641    5   88]
 [   1    6    1    0    0    3    4  673   12]
 [   5   10   66    5    0   16   90    8  759]]

checkpoint name: r2plus1d_17_0.0001 
train loss: 0.03002 || train accuracy: 0.99026 || train f1: 0.99026 || train precision: 0.99026 || train recall: 0.99026
[[3441    2    2    0    8    3    4    1    2]
 [   5 3730    3    2    5    6    1    7    2]
 [   0    3 4112    3    0    1    3    2   26]
 [   1    4    3 2356    0    2    5    3    1]
 [   5    8    0    0 1486    3    0    1    1]
 [   2    7    2    7    3 1614    3    0    2]
 [   5    0    4    4    0    1 2670    2   14]
 [   3    8    1    0    0    2    2 2512    2]
 [   1    1   27    1    2    2   13    1 3493]]
val loss: 0.48447 || val accuracy: 0.88598 || val f1: 0.88598 || val precision: 0.88598 || val recall: 0.88598
[[ 952   10    6    0    7    8    7    7    0]
 [   0 1027    2    3    5   12    1    5    1]
 [   2    9 1114    3    1    8   27    2   27]
 [   0   11   53  634    0   20    9    0    8]
 [   3    0    0    0  411    0    0    0    0]
 [   6   39   23    9    5  386   10    0   10]
 [   5   11   33    3    0   18  649    2   69]
 [   6   22   16    0    0    3   10  637    6]
 [   6    8  111    1    2    9  120   16  686]]

checkpoint name: r2plus1d_18_0.0001 
train loss: 0.02613 || train accuracy: 0.99178 || train f1: 0.99178 || train precision: 0.99178 || train recall: 0.99178
[[3443    2    1    0    8    2    3    3    1]
 [   4 3729    3    4    3    6    0    8    4]
 [   1    2 4126    3    1    0    1    0   16]
 [   0    4    5 2354    1    8    3    0    0]
 [   8    3    0    0 1490    2    0    0    1]
 [   1    6    1    8    1 1619    2    0    2]
 [   0    2    1    1    0    1 2672    1   22]
 [   3    7    0    0    1    0    1 2515    3]
 [   0    2   12    2    0    1   17    2 3505]]
val loss: 0.42166 || val accuracy: 0.9018 || val f1: 0.9018 || val precision: 0.9018 || val recall: 0.9018
[[ 979    0    1    0    2    0   12    3    0]
 [   8 1019    1    2    2   17    0    7    0]
 [   3   11 1068    7    0    4   40    6   54]
 [   0   11   26  673    0   16    6    0    3]
 [   7    5    0    0  401    0    0    1    0]
 [   7   23   19   21    4  391   13    1    9]
 [  10    7   15    2    0    8  641   10   97]
 [  13    3    1    0    0    2    5  672    4]
 [   9   11   68    7    0    4   75   17  768]]

checkpoint name: r2plus1d_19_0.0001 
train loss: 0.02988 || train accuracy: 0.99088 || train f1: 0.99088 || train precision: 0.99088 || train recall: 0.99088
[[3443    4    2    0    4    1    5    1    3]
 [   2 3735    3    4    1    3    2    8    3]
 [   2    3 4113    7    0    1    4    7   13]
 [   0    3    8 2352    0    4    4    0    4]
 [   5    2    0    0 1493    3    0    1    0]
 [   1    5    3    8    2 1618    1    0    2]
 [   2    0    4    2    0    2 2672    1   17]
 [   5    7    5    0    1    0    5 2506    1]
 [   3    1   18    1    0    1   16    3 3498]]
val loss: 0.42795 || val accuracy: 0.89225 || val f1: 0.89225 || val precision: 0.89225 || val recall: 0.89225
[[ 979    0    1    0    8    0    4    2    3]
 [   5 1011    0    3    8   21    1    4    3]
 [   6    6 1012   14    3    8   26    2  116]
 [   1    9   19  673    0   16    5    0   12]
 [   2    2    0    0  409    0    0    1    0]
 [  13   14   17   21   12  389    7    1   14]
 [  21    1   12    7    3   18  604    3  121]
 [  13    5    2    0    0    0    9  646   25]
 [   8    4   40    6    2    8   68    4  819]]

checkpoint name: r2plus1d_20_0.0001 
train loss: 0.02466 || train accuracy: 0.99193 || train f1: 0.99193 || train precision: 0.99193 || train recall: 0.99193
[[3441    5    1    0    2    3    4    5    2]
 [   6 3733    1    5    3    5    2    4    2]
 [   0    1 4131    6    0    1    1    0   10]
 [   0    4    5 2357    0    4    1    1    3]
 [   2    2    0    0 1498    1    0    1    0]
 [   4    4    3    4    0 1619    1    0    5]
 [   4    0    2    1    0    2 2670    2   19]
 [   3    5    1    1    0    0    3 2512    5]
 [   3    0   10    1    0    1   27    3 3496]]
val loss: 0.51468 || val accuracy: 0.87534 || val f1: 0.87534 || val precision: 0.87534 || val recall: 0.87534
[[ 940   32    0    1   14    3    4    0    3]
 [   0 1039    0    4    0   11    0    0    2]
 [   8    7  946   15    1   15   39    2  160]
 [   1    4   14  678    0   17    3    0   18]
 [   0    3    0    0  411    0    0    0    0]
 [  10   31   10   32    6  371    7    0   21]
 [  20    5    7    8    2    9  593    1  145]
 [   8   48    1    0    0    6   17  585   35]
 [   5    7   26    1    3    8   52    2  855]]

checkpoint name: r2plus1d_21_0.0001 
train loss: 0.02289 || train accuracy: 0.99244 || train f1: 0.99244 || train precision: 0.99244 || train recall: 0.99244
[[3444    4    2    0    5    2    0    4    2]
 [   2 3739    2    4    5    1    1    3    4]
 [   1    1 4125    6    0    2    0    1   14]
 [   0    5    9 2355    0    5    1    0    0]
 [   7    4    0    0 1490    3    0    0    0]
 [   2    2    2    4    0 1628    1    0    1]
 [   1    3    4    2    0    2 2670    1   17]
 [   3    4    2    0    1    0    3 2515    2]
 [   1    2   14    0    1    0   17    2 3504]]
val loss: 0.40423 || val accuracy: 0.89594 || val f1: 0.89594 || val precision: 0.89594 || val recall: 0.89594
[[ 976    7    0    0    2    0    8    4    0]
 [   7 1026    3    1    0    7    5    6    1]
 [   6    4  993   11    2    2   66   11   98]
 [   1    6    9  687    0   13    9    0   10]
 [   2    5    0    0  405    2    0    0    0]
 [  13   26   19   35    2  351   21    4   17]
 [   8    1    9   10    0    2  675    6   79]
 [   6    2    1    1    0    0    5  667   18]
 [  10    8   34    3    0    2  101   12  789]]

checkpoint name: r2plus1d_22_0.0001 
train loss: 0.02183 || train accuracy: 0.99275 || train f1: 0.99275 || train precision: 0.99275 || train recall: 0.99275
[[3450    5    0    0    2    2    1    0    3]
 [   6 3745    0    2    1    4    0    3    0]
 [   0    0 4122    4    0    5    8    0   11]
 [   0    1    7 2355    1    4    2    0    5]
 [   3    1    0    0 1496    3    0    1    0]
 [   3    3    3    3    0 1621    2    1    4]
 [   2    1    4    6    0    4 2669    1   13]
 [   2    4    2    0    0    2    1 2517    2]
 [   3    0   14    3    1    4   12    1 3503]]
val loss: 0.5851 || val accuracy: 0.86961 || val f1: 0.86961 || val precision: 0.86961 || val recall: 0.86961
[[ 916   39   13    0    2    0   19    1    7]
 [   3 1019   13    1    0   12    3    2    3]
 [   1    1 1146    2    0    0   17    0   26]
 [   0   14   66  632    0    3   15    1    4]
 [   7   16    0    0  390    1    0    0    0]
 [   7   29   55   26    5  328   20    3   15]
 [   4    2   52    3    1    4  631    4   89]
 [  11   15   16    0    0    0   14  616   28]
 [   1    1  170    1    0    1   83    4  698]]

checkpoint name: r2plus1d_23_0.0001 
train loss: 0.01945 || train accuracy: 0.99353 || train f1: 0.99353 || train precision: 0.99353 || train recall: 0.99353
[[3451    2    1    0    5    0    1    1    2]
 [   1 3745    0    4    1    7    0    1    2]
 [   0    0 4135    2    1    0    5    0    7]
 [   1    1    4 2361    0    5    2    0    1]
 [   2    3    1    1 1495    0    0    1    1]
 [   0    4    0    6    2 1621    3    0    4]
 [   2    2    3    3    0    3 2666    1   20]
 [   1    1    2    0    0    0    2 2522    2]
 [   1    1   10    0    1    5   18    3 3502]]
val loss: 0.52702 || val accuracy: 0.88175 || val f1: 0.88175 || val precision: 0.88175 || val recall: 0.88175
[[ 980    0    0    0    4    0    3   10    0]
 [   8  964    2   10    6   11    5   31   19]
 [   4    2 1033   15    2    2   15    9  111]
 [   1    4   13  680    2    6    8    2   19]
 [   4    1    0    0  408    0    0    0    1]
 [  10   10   21   32   20  310   24   13   48]
 [  18    0   22    8    1    3  566   22  150]
 [   4    0    1    0    0    1    1  684    9]
 [   5    0   40    2    0    0   46   26  840]]

checkpoint name: r2plus1d_24_0.0001 
train loss: 0.01865 || train accuracy: 0.994 || train f1: 0.994 || train precision: 0.994 || train recall: 0.994
[[3447    5    1    0    0    1    1    6    2]
 [   1 3749    2    3    1    1    1    1    2]
 [   1    2 4122    6    0    4    3    0   12]
 [   0    1    5 2359    0    5    2    1    2]
 [   3    0    0    0 1500    1    0    0    0]
 [   1    1    7    5    3 1618    0    2    3]
 [   0    0    4    1    0    1 2683    2    9]
 [   6    2    0    0    0    1    1 2514    6]
 [   0    1    8    1    0    1    8    4 3518]]
val loss: 0.46575 || val accuracy: 0.8973 || val f1: 0.8973 || val precision: 0.8973 || val recall: 0.8973
[[ 981    2    3    0    4    0    3    4    0]
 [  23  998    3    3    4   14    4    5    2]
 [   5    3 1081   12    0    5   45    1   41]
 [   1   10   15  685    0   15    3    1    5]
 [   8    5    0    0  400    1    0    0    0]
 [  18   26   19   19    0  376   13    2   15]
 [  14    2   20   13    0   11  641    1   88]
 [  11    3    2    0    0    2   10  659   13]
 [  15    1   80    8    0   10   78    9  758]]

Training complete in 2088m 5s
Best val Acc: 0.904937
Best Validation Loss:  0.3476640298311988 Epoch:  3
Best Training Loss:  0.018645848604147634 Epoch:  23
